  1000  1000
  1  1  1  1  1  1  1  1  1  1  1  1  1  1  1  1  1  1  1  1  1  1  1  1  1  1  1  1  1  1  1  1  1  1  1  1  1  1  1  1  1  1  1  1  1  1  1  1  1  1  1  1  1  1  1  1  1  1  1  1  1  1  1  1  1  1  1  1  1  1  1  1  1  1  1  1  1  1  1  1  1  1  1  1  1  1  1  1  1  1  1  1  1  1  1  1  1  1  1  1  1  1  1  1  1  1  1  1  1  1  1  1  1  1  1  1  1  1  1  1  1  1  1  1  1  1  1  1  1  1  1  1  1  1  1  1  1  1  1  1  1  1  1  1  1  1  1  1  1  1  1  1  1  1  1  1  1  1  1  1  1  1  1  1  1  1  1  1  1  1  1  1  1  1  1  1  1  1  1  1  1  1  1  1  1  1  1  1  1  1  1  1  1  1  1  1  1  1  1  1  1  1  1  1  1  1  1  1  1  1  1  1  1  1  1  1  1  1  1  1  1  1  1  1  1  1  1  1  1  1  1  1  1  1  1  1  1  1  1  1  1  1  1  1  1  1  1  1  1  1  1  1  1  1  1  1  1  1  1  1  1  1  1  1  1  1  1  1  1  1  1  1  1  1  1  1  1  1  1  1  1  1  1  1  1  1  1  1  1  1  1  1  1  1  1  1  1  1  1  1  1  1  1  1  1  1  1  1  1  1  1  1  1  1  1  1  1  1  1  1  1  1  1  1  1  1  1  1  1  1  1  1  1  1  1  1  1  1  1  1  1  1  1  1  1  1  1  1  1  1  1  1  1  1  1  1  1  1  1  1  1  1  1  1  1  1  1  1  1  1  1  1  1  1  1  1  1  1  1  1  1  1  1  1  1  1  1  1  1  1  1  1  1  1  1  1  1  1  1  1  1  1  1  1  1  1  1  1  1  1  1  1  1  1  1  1  1  1  1  1  1  1  1  1  1  1  1  1  1  1  1  1  1  1  1  1  1  1  1  1  1  1  1  1  1  1  1  1  1  1  1  1  1  1  1  1  1  1  1  1  1  1  1  1  1  1  1  1  1  1  1  1  1  1  1  1  1  1  1  1  1  1  1  1  1  1  1  1  1  1  1  1  1  1  1  1  1  1  1  1  1  1  1  1  1  1  1  1  1  1  1  1  1  1  1  1  1  1  1  1  1  1  1  1  1  1  1  1  1  1  1  1  1  1  1  1  1  1  1  1  1  1  1  1  1  1  1  1  1  1  1  1  1  1  1  1  1  1  1  1  1  1  1  1  1  1  1  1  1  1  1  1  1  1  1  1  1  1  1  1  1  1  1  1  1  1  1  1  1  1  1  1  1  1  1  1  1  1  1  1  1  1  1  1  1  1  1  1  1  1  1  1  1  1  1  1  1  1  1  1  1  1  1  1  1  1  1  1  1  1  1  1  1  1  1  1  1  1  1  1  1  1  1  1  1  1  1  1  1  1  1  1  1  1  1  1  1  1  1  1  1  1  1  1  1  1  1  1  1  1  1  1  1  1  1  1  1  1  1  1  1  1  1  1  1  1  1  1  1  1  1  1  1  1  1  1  1  1  1  1  1  1  1  1  1  1  1  1  1  1  1  1  1  1  1  1  1  1  1  1  1  1  1  1  1  1  1  1  1  1  1  1  1  1  1  1  1  1  1  1  1  1  1  1  1  1  1  1  1  1  1  1  1  1  1  1  1  1  1  1  1  1  1  1  1  1  1  1  1  1  1  1  1  1  1  1  1  1  1  1  1  1  1  1  1  1  1  1  1  1  1  1  1  1  1  1  1  1  1  1  1  1  1  1  1  1  1  1  1  1  1  1  1  1  1  1  1  1  1  1  1  1  1  1  1  1  1  1  1  1  1  1  1  1  1  1  1  1  1  1  1  1  1  1  1  1  1  1  1  1  1  1  1  1  1  1  1  1  1  1  1  1  1  1  1  1  1  1  1  1  1  1  1  1  1  1  1  1  1  1  1  1  1  1  1  1  1  1  1  1  1  1  1  1  1  1  1  1  1  1  1  1  1  1  1  1  1  1  1  1  1  1  1  1  1  1  1  1  1  1  1  1  1  1  1  1  1  1  1  1  1  1  1  1  1  1  1  1  1  1  1  1  1  1  1  1  1  1  1  1  1  1  1  1  1  1  1  1  1  1  1  1  1  1  1  1  1  1  1  1  1  1  1  1  1  1  1  1  1  1  1  1  1  1  1  1  1  1  1  1  1  1  1  1  1  1  1  1  1  1
  8
  105  146  346  501  502  752  778  914
  5
  29  239  538  567  876
  8
  337  460  557  854  895  905  920  945
  10
  29  101  232  270  399  493  562  756  801  845
  9
  95  161  270  362  534  597  746  868  880
  4
  332  425  467  926
  7
  309  359  525  612  788  899  996
  9
  48  49  126  256  302  367  471  722  941
  5
  54  239  485  491  971
  4
  250  551  593  908
  9
  66  119  202  316  354  408  626  920  933
  2
  170  203
  4
  106  161  500  878
  6
  72  272  371  438  726  763
  10
  134  150  245  517  544  626  747  766  811  840
  10
  75  165  285  431  442  589  747  786  800  807
  6
  259  342  353  524  639  729
  8
  11  84  95  308  424  542  612  759
  3
  259  437  472
  7
  344  439  509  578  664  771  917
  2
  316  690
  5
  89  257  286  473  725
  7
  26  27  162  449  697  858  992
  9
  26  246  310  376  414  418  691  784  859
  4
  626  728  872  884
  3
  283  453  636
  9
  27  88  132  159  211  509  676  821  834
  10
  188  197  263  313  427  506  842  846  851  987
  10
  26  75  188  351  376  464  610  826  926  949
  6
  331  417  624  748  804  932
  3
  199  654  814
  6
  141  222  499  530  835  909
  3
  39  718  962
  10
  7  14  120  391  432  526  527  739  757  869
  5
  153  532  579  839  980
  4
  330  533  628  737
  6
  261  498  579  759  831  883
  7
  51  122  203  642  830  845  985
  4
  426  634  807  976
  6
  17  215  392  460  490  837
  6
  282  472  754  805  889  920
  4
  122  129  576  814
  5
  106  134  365  645  992
  6
  164  245  513  739  845  912
  6
  88  171  289  386  484  946
  9
  104  250  276  460  531  627  666  878  942
  8
  26  133  148  189  242  290  724  788
  7
  55  269  341  707  719  762  938
  8
  51  58  231  315  336  405  824  930
  9
  246  448  663  713  746  856  881  895  906
  5
  218  561  632  748  801
  5
  70  104  215  322  743
  7
  66  82  133  158  258  429  563
  8
  390  519  523  785  803  807  845  853
  5
  166  305  386  700  723
  3
  573  737  967
  5
  72  83  184  188  291
  10
  29  516  566  631  663  699  706  713  764  858
  4
  77  116  366  909
  3
  11  412  841
  2
  518  780
  10
  144  155  360  389  459  514  529  726  769  915
  8
  16  272  299  341  581  595  636  904
  2
  113  457
  7
  26  129  267  328  437  657  792
  4
  157  652  774  974
  7
  18  33  156  166  367  510  682
  3
  86  373  715
  4
  33  109  219  801
  6
  43  220  791  816  906  938
  4
  154  412  665  849
  10
  362  383  388  459  526  538  663  837  871  961
  3
  63  641  755
  3
  389  855  946
  5
  56  562  565  581  953
  4
  56  133  840  844
  10
  86  131  159  169  209  370  639  718  742  847
  9
  20  184  420  428  483  557  597  819  984
  6
  299  319  320  461  923  941
  8
  254  271  370  462  463  613  733  815
  2
  795  997
  7
  157  460  545  626  664  674  851
  10
  68  243  278  303  340  511  710  724  822  881
  5
  185  194  530  564  567
  4
  8  183  613  651
  10
  71  245  300  333  371  412  451  583  708  819
  3
  195  383  532
  10
  152  207  359  385  625  668  700  776  876  964
  2
  45  980
  7
  363  426  428  581  647  684  685
  5
  157  367  421  756  867
  8
  3  106  364  846  849  850  855  857
  6
  200  223  396  618  677  786
  4
  126  276  703  790
  2
  198  290
  9
  95  184  195  307  335  390  741  901  969
  9
  126  149  167  210  351  495  624  640  854
  7
  73  77  145  228  715  765  996
  9
  44  58  104  125  311  363  527  722  844
  3
  208  423  597
  9
  36  97  258  422  480  545  567  750  864
  6
  394  421  499  504  739  762
  4
  54  104  501  819
  10
  20  204  286  370  415  454  568  696  935  950
  2
  131  958
  8
  96  146  227  262  367  732  778  940
  6
  17  406  470  546  573  603
  6
  108  158  457  545  782  961
  3
  43  888  931
  7
  65  66  286  449  548  553  988
  7
  138  167  219  364  480  504  974
  7
  32  225  232  251  415  510  973
  10
  31  53  196  250  288  304  351  417  520  623
  6
  16  74  266  772  866  887
  3
  159  577  688
  4
  94  167  509  650
  7
  5  19  183  251  519  679  967
  4
  330  526  960  971
  2
  131  911
  9
  6  20  73  267  413  453  593  601  638
  5
  14  280  346  349  749
  10
  116  131  192  228  500  612  748  771  863  875
  7
  1  69  160  533  707  856  933
  6
  43  234  439  473  709  957
  7
  261  264  470  510  567  825  894
  2
  75  689
  4
  46  196  244  898
  10
  67  158  214  320  377  487  621  654  672  752
  8
  92  180  381  514  554  624  855  939
  7
  220  335  337  470  478  622  699
  6
  3  14  393  459  612  656
  4
  52  355  681  730
  9
  192  346  475  540  556  587  592  613  890
  3
  227  461  637
  7
  229  283  304  545  629  707  900
  5
  200  345  549  601  792
  10
  30  143  197  278  420  529  587  694  720  842
  2
  98  391
  6
  61  137  380  384  809  915
  8
  65  144  291  422  522  698  709  748
  2
  103  335
  5
  104  544  565  627  819
  10
  38  397  462  631  693  708  802  840  869  914
  6
  103  405  406  545  710  928
  6
  126  137  289  788  794  795
  9
  3  76  127  785  803  906  936  950  972
  3
  138  342  979
  5
  354  423  790  867  963
  5
  36  242  313  582  588
  2
  372  831
  9
  30  253  333  383  515  609  683  790  952
  2
  7  977
  4
  296  323  643  818
  9
  76  355  579  626  653  697  740  793  896
  5
  45  221  496  701  716
  3
  480  885  969
  7
  374  475  489  708  792  864  904
  6
  243  461  516  827  884  885
  7
  172  325  393  417  540  579  698
  8
  153  176  332  469  535  643  857  947
  4
  12  443  604  780
  8
  85  198  322  376  686  724  734  983
  4
  422  716  790  896
  6
  231  510  556  695  899  981
  8
  3  400  557  560  649  874  893  971
  10
  61  319  354  522  605  656  730  824  855  955
  10
  8  33  267  384  484  512  599  721  848  930
  7
  325  386  512  531  602  762  902
  5
  46  170  179  853  977
  5
  206  460  735  743  895
  2
  554  927
  5
  209  358  579  843  940
  9
  376  381  537  682  705  709  758  817  928
  5
  104  222  416  646  994
  2
  411  784
  9
  25  76  285  413  426  450  751  849  950
  8
  92  163  172  298  330  644  792  875
  7
  142  423  487  586  647  732  994
  4
  221  248  381  766
  9
  45  115  210  338  584  667  873  904  925
  3
  455  687  807
  7
  13  25  165  529  602  674  750
  8
  79  268  321  763  764  822  928  936
  10
  44  49  450  517  625  731  766  913  962  989
  7
  228  262  327  367  619  630  677
  7
  412  440  599  818  859  986  991
  9
  13  311  328  445  462  525  553  653  689
  3
  3  234  382
  5
  160  212  480  794  805
  10
  181  419  446  530  632  709  746  768  816  959
  3
  347  595  607
  6
  50  213  263  437  575  896
  6
  94  397  817  835  961  964
  8
  19  62  326  330  407  564  669  676
  6
  120  133  211  487  544  866
  4
  20  389  659  809
  9
  150  163  296  469  490  494  530  795  880
  5
  642  823  829  884  909
  4
  77  374  686  863
  5
  135  288  318  443  542
  7
  97  534  547  606  642  872  906
  2
  563  759
  6
  39  46  71  232  297  337
  7
  77  100  248  372  490  692  718
  5
  287  368  655  657  985
  9
  239  249  281  547  577  651  713  927  970
  6
  73  85  205  481  720  918
  10
  5  90  186  299  490  632  688  771  801  981
  4
  254  419  490  953
  5
  310  337  466  693  971
  10
  93  477  695  806  848  866  870  877  976  992
  2
  138  564
  7
  308  480  739  907  944  949  965
  4
  80  228  405  633
  3
  371  569  800
  5
  219  421  442  466  705
  4
  182  362  732  776
  7
  50  448  489  592  641  911  923
  8
  92  310  423  515  576  669  818  997
  9
  323  351  598  599  600  623  839  960  971
  7
  121  123  135  324  485  498  941
  5
  2  69  423  803  976
  5
  115  375  380  542  960
  3
  110  126  1000
  7
  154  347  370  442  493  513  671
  6
  63  227  374  426  771  790
  3
  374  721  937
  7
  87  120  513  690  739  833  861
  6
  153  262  727  790  878  891
  4
  178  617  684  822
  10
  139  190  282  289  368  407  499  678  700  813
  8
  108  275  427  440  474  510  715  873
  9
  11  83  307  525  565  638  664  667  874
  5
  79  131  199  243  893
  5
  79  166  208  362  876
  4
  378  766  823  993
  2
  441  905
  6
  149  441  552  798  841  869
  6
  202  463  496  612  779  983
  4
  344  484  737  926
  5
  266  568  682  686  957
  5
  2  62  283  581  779
  3
  457  802  821
  6
  180  227  229  645  698  753
  8
  30  193  332  347  579  815  862  865
  6
  81  89  196  299  399  746
  4
  28  158  290  450
  9
  57  215  319  733  764  861  874  931  999
  10
  6  55  213  374  474  534  687  822  896  899
  8
  95  178  310  619  685  704  897  899
  7
  59  129  204  324  468  519  640
  2
  203  746
  6
  22  421  430  658  684  879
  10
  131  170  269  393  450  627  709  742  803  972
  4
  101  512  688  738
  8
  229  473  511  528  555  630  645  822
  8
  255  367  441  656  706  732  945  980
  5
  56  310  555  797  971
  9
  174  256  259  424  658  795  798  819  993
  7
  160  205  207  411  456  787  891
  7
  107  126  144  240  417  713  806
  8
  36  156  159  386  403  450  570  996
  9
  60  113  245  276  348  517  819  973  983
  3
  228  335  572
  2
  622  924
  4
  399  512  788  950
  8
  187  193  218  274  555  766  857  955
  7
  36  53  78  647  803  908  991
  8
  52  81  462  550  704  718  737  824
  9
  35  271  305  372  385  419  565  896  996
  4
  45  451  544  819
  7
  86  140  248  502  602  669  786
  3
  151  205  811
  9
  26  173  242  291  397  449  734  840  962
  4
  48  272  372  582
  6
  153  198  289  566  596  908
  4
  78  270  376  415
  2
  110  941
  10
  60  98  246  264  387  451  705  708  922  942
  9
  41  80  89  618  802  814  828  871  956
  3
  63  65  745
  8
  272  379  410  582  586  818  883  984
  6
  164  250  277  697  748  968
  6
  32  231  313  711  833  1000
  5
  48  599  690  939  958
  6
  17  19  43  263  520  634
  9
  132  199  363  515  724  747  756  791  868
  10
  116  133  216  224  281  439  819  852  922  978
  10
  147  156  185  210  345  349  401  457  494  966
  5
  63  88  394  426  683
  3
  313  445  837
  4
  16  684  701  772
  10
  66  104  171  181  377  606  637  669  722  928
  3
  242  687  775
  6
  371  430  609  735  751  877
  8
  62  127  182  393  437  596  616  969
  6
  282  560  717  764  822  853
  10
  45  184  279  322  328  416  492  547  776  811
  10
  12  210  334  411  520  676  813  850  971  992
  5
  199  379  629  693  771
  3
  6  259  921
  9
  130  179  245  560  582  611  622  720  813
  9
  57  81  88  133  303  410  534  879  967
  8
  78  91  207  285  394  545  563  629
  5
  261  344  403  468  599
  7
  160  300  332  721  807  969  980
  10
  26  45  121  128  505  556  775  855  955  964
  2
  629  994
  3
  21  234  950
  9
  15  27  263  352  489  584  699  830  956
  9
  31  55  201  221  495  531  623  624  850
  5
  441  569  618  806  978
  7
  420  525  568  743  800  908  989
  10
  293  302  346  441  495  616  618  640  657  859
  10
  28  36  96  233  269  347  552  632  766  775
  7
  62  158  169  350  483  507  740
  2
  17  185
  10
  97  123  430  443  560  778  830  920  974  980
  9
  67  238  311  461  577  642  653  741  910
  5
  126  145  260  752  988
  9
  325  359  362  489  513  574  606  909  957
  8
  231  363  371  561  742  766  897  936
  5
  1  65  163  495  717
  9
  382  390  439  652  694  771  811  851  921
  10
  72  163  265  282  532  796  869  876  928  975
  5
  45  57  674  832  917
  3
  150  155  292
  8
  85  100  313  513  555  641  720  918
  9
  351  370  565  614  680  683  711  755  788
  3
  160  335  343
  2
  155  470
  9
  49  174  287  307  334  597  602  733  878
  7
  354  524  589  608  846  966  994
  9
  32  228  453  677  701  745  849  910  937
  3
  253  828  870
  7
  140  188  208  363  391  579  627
  9
  92  210  524  558  706  713  812  819  982
  8
  65  177  189  257  263  451  933  935
  8
  62  233  388  555  648  768  969  979
  2
  157  966
  8
  64  65  230  507  674  712  771  853
  8
  37  129  308  528  543  586  646  752
  3
  292  438  474
  7
  114  419  514  896  942  983  992
  7
  90  254  282  408  473  558  914
  5
  289  503  523  543  747
  6
  48  371  599  659  799  901
  9
  86  256  275  360  470  482  610  903  925
  3
  29  114  530
  3
  65  659  818
  3
  409  898  963
  8
  37  237  277  383  384  689  816  880
  6
  39  158  166  175  458  883
  6
  120  225  382  533  674  724
  6
  222  250  476  581  594  951
  10
  55  232  352  430  471  492  591  643  666  848
  3
  443  526  833
  2
  54  418
  7
  107  378  430  519  594  772  810
  4
  357  402  434  524
  7
  231  614  716  779  885  932  987
  10
  149  181  389  393  439  600  634  810  863  973
  3
  117  303  317
  5
  434  492  507  608  959
  10
  51  165  258  403  522  603  690  786  828  842
  2
  149  512
  10
  1  22  362  415  487  489  512  522  716  855
  9
  87  113  189  210  265  274  283  326  833
  7
  153  256  270  323  357  576  883
  2
  219  914
  6
  12  186  238  602  726  748
  7
  59  500  728  733  753  783  897
  5
  278  465  722  929  937
  5
  201  371  457  496  810
  2
  82  816
  10
  54  94  398  441  455  495  507  592  884  978
  6
  156  268  330  355  670  874
  10
  310  346  673  674  762  767  781  924  933  975
  9
  93  106  223  236  476  753  760  949  959
  4
  375  395  734  863
  5
  224  297  481  716  878
  4
  256  465  478  593
  6
  6  10  365  370  419  609
  2
  63  214
  9
  60  80  236  268  471  607  749  849  959
  4
  59  434  542  984
  8
  20  51  139  199  311  735  790  850
  2
  394  693
  7
  257  334  561  638  720  745  912
  7
  106  185  252  514  637  722  788
  8
  194  223  258  295  452  720  819  984
  8
  191  206  267  519  748  767  806  834
  9
  66  109  170  370  467  595  753  847  874
  9
  22  62  159  228  507  614  800  831  916
  8
  90  160  403  648  704  851  856  882
  3
  348  387  906
  10
  84  219  287  302  405  445  591  668  794  900
  2
  625  814
  7
  74  134  201  637  751  784  839
  7
  92  334  491  667  726  910  978
  3
  566  617  881
  5
  180  308  749  854  992
  9
  116  429  479  565  602  733  845  946  985
  8
  44  113  213  342  472  499  665  740
  7
  328  419  460  555  642  948  963
  5
  110  140  291  397  496
  2
  522  667
  8
  198  374  389  407  551  563  564  985
  7
  107  301  304  347  364  481  908
  4
  90  444  783  876
  7
  68  182  510  647  769  820  828
  5
  206  518  539  725  867
  2
  11  326
  10
  120  166  168  237  571  619  712  839  874  903
  5
  149  392  606  632  655
  2
  399  728
  2
  530  900
  10
  3  30  38  41  214  235  574  686  864  895
  4
  433  591  655  676
  8
  44  75  204  306  575  592  721  869
  6
  120  245  263  669  718  730
  3
  649  766  969
  6
  212  428  510  521  526  839
  8
  12  68  123  326  467  771  912  968
  6
  305  335  351  608  937  969
  2
  82  436
  2
  345  783
  5
  101  103  107  436  487
  5
  176  446  636  680  788
  7
  81  195  324  333  566  962  982
  10
  9  71  77  360  381  675  873  911  934  939
  6
  73  234  645  760  865  878
  7
  49  134  303  327  333  451  869
  2
  44  571
  2
  63  695
  8
  11  215  319  335  529  626  739  831
  8
  146  333  363  441  534  616  670  743
  7
  70  139  309  362  427  859  936
  3
  299  397  629
  10
  10  41  66  103  605  710  743  836  839  956
  7
  192  210  275  368  469  590  614
  7
  48  90  131  505  535  612  902
  4
  89  169  828  983
  2
  371  856
  6
  138  178  215  339  829  935
  10
  76  226  303  368  490  571  653  687  808  892
  7
  169  310  434  475  508  871  971
  5
  348  423  714  725  912
  3
  533  874  910
  8
  9  32  106  128  511  608  708  719
  4
  404  485  570  679
  8
  100  118  139  205  213  651  967  982
  8
  18  80  104  256  666  722  757  868
  9
  117  145  159  350  427  451  564  702  945
  4
  70  461  472  907
  7
  31  32  159  173  258  307  682
  8
  142  288  318  394  541  559  708  861
  2
  795  851
  9
  120  196  268  432  601  786  795  857  935
  2
  39  939
  7
  89  251  393  429  475  735  773
  4
  116  468  522  798
  5
  188  750  971  981  1000
  2
  244  855
  5
  75  150  193  442  795
  2
  270  783
  7
  286  292  740  764  916  920  926
  4
  47  175  390  637
  2
  259  423
  4
  298  311  340  384
  3
  251  261  751
  3
  159  545  609
  4
  62  66  89  419
  3
  294  892  915
  3
  520  693  877
  4
  18  551  773  838
  7
  51  106  174  189  506  841  922
  5
  17  153  513  705  969
  4
  102  177  633  997
  9
  79  371  403  419  496  574  735  831  954
  9
  131  147  154  417  570  621  659  849  915
  3
  75  781  976
  6
  187  267  416  440  493  997
  3
  56  441  570
  2
  658  855
  8
  55  204  277  368  395  561  575  977
  9
  76  130  277  297  503  565  696  779  788
  2
  425  647
  10
  78  87  115  216  234  605  782  811  840  859
  6
  51  124  256  799  852  914
  5
  189  430  589  878  953
  8
  172  237  460  612  685  794  883  901
  7
  141  356  395  537  695  708  976
  6
  237  280  295  579  625  925
  8
  441  443  506  605  611  851  898  905
  4
  39  339  749  990
  8
  33  233  278  377  690  773  825  930
  6
  136  144  297  403  406  833
  2
  228  416
  8
  55  60  184  446  638  651  940  993
  10
  13  48  108  298  572  587  626  791  857  924
  3
  56  924  977
  8
  256  266  524  577  822  850  868  968
  8
  18  19  144  311  573  635  781  783
  8
  145  304  327  415  682  840  851  879
  7
  135  384  511  717  773  828  967
  5
  38  159  392  453  922
  5
  91  629  739  850  867
  6
  184  241  409  470  675  680
  2
  116  294
  6
  86  336  337  526  743  838
  10
  42  65  221  283  461  569  729  776  962  978
  8
  138  146  230  539  706  761  841  936
  3
  410  515  639
  5
  75  138  501  643  872
  2
  51  585
  10
  76  329  356  357  367  522  576  639  777  944
  7
  58  168  223  360  423  461  665
  2
  210  393
  3
  773  871  890
  6
  81  302  510  848  861  978
  8
  167  342  384  438  630  644  913  915
  2
  151  277
  6
  85  116  162  399  651  686
  7
  81  153  333  365  537  787  878
  5
  170  678  707  715  938
  10
  111  160  340  397  515  581  673  759  789  872
  2
  370  713
  9
  69  220  318  600  702  704  794  856  978
  3
  489  725  746
  7
  137  259  298  347  389  761  886
  10
  12  186  210  550  567  573  644  678  766  883
  3
  279  654  889
  9
  49  52  135  258  669  722  849  875  887
  10
  5  24  211  378  475  554  793  838  875  971
  2
  166  771
  9
  114  205  472  663  683  831  897  911  914
  4
  205  240  424  623
  9
  158  233  347  417  594  679  827  857  945
  2
  330  777
  8
  273  281  323  447  523  675  722  764
  6
  41  234  337  343  587  918
  2
  77  409
  6
  3  134  242  476  697  921
  8
  50  208  297  415  424  569  572  662
  6
  66  95  282  444  497  499
  3
  418  694  744
  5
  322  384  411  581  616
  7
  301  517  551  600  786  864  920
  8
  68  79  452  480  700  805  913  986
  8
  113  212  509  583  650  703  847  967
  5
  107  262  405  682  693
  4
  254  623  859  893
  7
  291  554  598  601  729  933  972
  7
  122  127  531  560  573  610  993
  6
  629  636  651  837  894  914
  4
  128  452  848  955
  2
  226  319
  6
  164  262  325  352  401  832
  6
  98  129  180  625  627  744
  5
  141  236  422  466  872
  9
  184  262  363  392  427  801  819  840  933
  5
  338  649  743  930  936
  10
  6  100  106  245  454  513  614  721  733  984
  10
  16  66  147  171  180  229  316  505  524  705
  10
  68  120  177  325  384  417  438  629  659  866
  9
  128  234  319  402  535  710  759  799  885
  2
  279  340
  4
  5  226  259  742
  7
  135  544  663  723  730  837  921
  6
  65  266  768  885  918  926
  4
  305  535  816  930
  7
  74  288  364  805  816  874  984
  2
  20  639
  4
  364  367  486  767
  2
  165  583
  3
  28  135  218
  9
  65  122  138  271  582  668  793  877  887
  6
  101  250  438  685  825  835
  2
  384  760
  7
  291  471  712  789  799  859  947
  5
  74  716  777  898  927
  4
  83  268  342  806
  7
  25  339  351  505  514  616  854
  4
  416  488  860  936
  7
  193  221  401  749  858  936  944
  7
  153  262  266  500  554  815  861
  7
  61  85  129  559  651  758  861
  8
  166  190  544  613  698  873  967  975
  4
  190  358  391  420
  4
  189  388  657  806
  6
  73  144  348  529  742  931
  3
  668  776  904
  3
  640  859  868
  3
  221  295  562
  4
  96  170  776  928
  3
  483  649  765
  10
  287  348  402  550  676  698  812  834  918  960
  9
  4  17  151  212  245  265  346  721  988
  3
  262  874  877
  6
  312  394  457  555  757  880
  9
  64  173  214  353  601  612  636  736  906
  9
  81  117  171  417  720  767  787  835  999
  10
  42  80  167  269  400  491  551  587  822  974
  9
  540  609  629  705  711  797  833  922  971
  8
  427  466  536  623  798  801  892  929
  9
  64  381  459  481  693  932  936  968  981
  10
  21  71  376  465  533  629  666  795  876  949
  10
  16  142  152  246  481  913  929  934  954  993
  3
  356  677  694
  9
  97  193  254  336  350  448  471  599  988
  6
  13  33  86  115  308  731
  4
  43  106  214  614
  10
  68  249  279  362  393  467  537  543  882  975
  5
  407  421  770  824  963
  6
  101  196  409  641  655  848
  4
  263  529  542  960
  4
  85  95  223  269
  2
  424  722
  9
  51  191  243  288  294  322  667  701  881
  8
  44  333  391  536  578  909  970  997
  10
  69  121  479  589  672  743  807  855  892  911
  2
  29  510
  9
  208  236  257  352  403  411  455  720  948
  6
  226  454  584  674  803  986
  8
  54  108  221  403  496  788  938  954
  10
  7  25  43  47  104  110  130  423  582  626
  4
  223  434  794  818
  3
  90  112  377
  5
  115  207  305  374  610
  3
  420  570  708
  3
  3  730  880
  8
  150  302  380  802  862  863  900  905
  2
  195  824
  8
  107  170  283  350  604  642  690  949
  6
  210  218  321  499  546  929
  2
  590  643
  7
  94  256  275  411  489  720  847
  7
  153  340  570  579  772  790  993
  2
  601  677
  3
  50  174  213
  2
  799  956
  8
  31  171  227  562  609  673  848  904
  5
  338  423  428  654  757
  10
  109  195  285  308  537  573  734  761  919  1000
  9
  156  316  382  505  545  577  719  767  871
  7
  107  137  260  442  507  759  830
  9
  99  176  208  218  586  619  672  773  895
  5
  136  237  407  762  980
  3
  291  323  900
  10
  169  237  330  421  455  583  700  766  831  961
  9
  331  465  474  536  591  701  791  909  913
  10
  184  311  315  413  449  658  673  766  825  893
  8
  22  80  147  542  545  588  644  922
  7
  105  220  280  312  335  389  996
  2
  113  613
  8
  23  193  225  230  298  421  554  629
  2
  70  215
  6
  24  164  322  439  775  977
  3
  544  659  803
  4
  207  277  668  933
  5
  293  297  576  919  955
  3
  124  498  566
  4
  27  415  668  852
  8
  54  103  287  404  551  627  697  836
  10
  97  144  260  266  364  452  735  792  798  924
  8
  97  105  130  195  223  329  781  879
  8
  7  157  348  382  604  822  890  962
  8
  254  267  288  407  708  788  865  903
  6
  20  181  254  291  709  850
  2
  31  426
  3
  69  87  255
  4
  41  44  333  518
  3
  71  723  909
  10
  112  402  418  456  598  672  802  822  856  925
  5
  317  729  804  962  969
  9
  1  220  279  397  467  475  690  851  948
  3
  351  425  819
  4
  91  454  690  898
  4
  76  190  236  520
  9
  22  172  349  442  449  469  702  783  993
  4
  11  133  160  613
  2
  445  979
  6
  46  172  402  443  675  861
  2
  694  817
  6
  66  179  333  382  695  921
  9
  113  153  443  529  600  838  839  912  974
  5
  92  206  478  663  944
  7
  25  48  436  478  556  724  834
  3
  545  709  906
  5
  43  199  243  495  778
  5
  47  90  607  796  997
  5
  302  520  562  658  941
  4
  421  901  937  980
  8
  153  313  629  703  769  828  859  989
  9
  1  90  121  247  493  674  758  804  918
  6
  231  309  509  743  819  965
  6
  87  194  484  705  837  868
  5
  102  603  733  760  982
  2
  379  904
  3
  568  782  923
  4
  140  275  499  830
  5
  51  332  346  380  761
  2
  206  587
  10
  45  219  266  401  478  529  586  727  741  968
  9
  64  154  197  266  416  522  583  602  962
  8
  139  236  239  268  440  535  955  981
  3
  63  129  174
  9
  113  246  293  327  455  508  521  543  855
  5
  226  232  572  823  867
  5
  163  269  747  778  783
  7
  68  76  215  351  428  438  557
  9
  72  412  627  633  637  842  857  975  987
  6
  84  86  370  420  480  539
  8
  30  88  158  214  347  515  576  995
  3
  522  811  812
  4
  279  364  677  840
  5
  142  284  626  748  830
  3
  419  859  989
  4
  223  309  810  872
  7
  227  374  452  583  855  857  946
  4
  14  107  355  955
  10
  97  108  133  144  185  256  555  708  897  972
  7
  69  347  435  465  472  566  903
  10
  20  136  364  441  523  549  629  632  746  783
  2
  298  358
  2
  780  806
  8
  91  511  719  732  808  883  935  983
  8
  224  308  404  411  616  768  829  913
  6
  70  112  248  497  885  909
  3
  498  643  880
  9
  47  136  300  340  414  714  721  792  995
  2
  190  485
  5
  106  712  727  913  991
  2
  219  861
  4
  72  359  423  629
  6
  247  485  705  825  827  951
  9
  67  130  217  234  237  239  318  392  943
  2
  19  886
  3
  337  421  652
  7
  31  449  457  709  857  919  925
  4
  118  679  731  847
  7
  106  234  245  292  719  770  884
  8
  334  406  581  686  687  764  818  847
  9
  81  118  123  220  225  290  422  675  734
  5
  174  517  653  712  760
  5
  189  192  206  840  943
  4
  402  765  768  835
  6
  255  398  417  517  569  821
  9
  125  138  146  156  400  478  799  832  841
  2
  300  934
  8
  38  227  305  570  731  823  934  976
  10
  86  163  518  587  735  882  908  925  937  950
  3
  757  879  966
  2
  11  81
  3
  50  344  978
  7
  204  210  594  614  813  996  998
  4
  386  753  808  989
  6
  355  424  736  800  801  990
  6
  9  86  194  439  959  973
  5
  16  135  274  408  677
  9
  166  213  315  448  561  654  755  778  827
  9
  9  61  76  131  270  305  497  675  884
  8
  22  209  361  384  491  599  904  988
  4
  76  521  598  920
  6
  31  188  429  568  697  707
  6
  167  342  397  409  760  897
  3
  109  530  533
  2
  616  727
  5
  394  510  604  701  758
  6
  86  276  329  457  913  943
  9
  136  557  571  627  647  764  801  842  848
  10
  45  201  293  347  443  480  565  646  805  844
  3
  68  129  769
  7
  169  461  566  625  637  733  786
  2
  278  329
  3
  148  896  944
  10
  109  203  426  484  496  793  874  901  905  945
  5
  82  108  153  403  688
  6
  125  141  538  638  795  940
  3
  255  414  853
  5
  207  307  323  512  540
  10
  54  105  223  287  289  394  467  525  568  615
  10
  73  74  381  388  457  459  527  532  720  788
  5
  191  271  433  674  862
  6
  11  98  250  306  383  939
  7
  94  130  381  524  560  897  947
  10
  102  145  165  296  331  369  609  637  738  803
  7
  1  189  231  418  614  768  827
  3
  364  726  830
  2
  640  860
  6
  25  258  451  664  875  895
  10
  21  27  75  109  113  334  635  643  764  846
  8
  11  39  135  269  454  648  831  853
  4
  168  545  707  726
  2
  84  205
  5
  3  16  28  514  589
  3
  114  289  421
  5
  111  231  357  431  984
  5
  122  254  369  655  717
  10
  100  135  361  398  462  532  542  573  928  963
  10
  21  22  94  204  219  540  767  869  946  998
  2
  160  631
  6
  199  337  512  616  756  933
  5
  81  140  426  787  933
  4
  370  797  799  860
  6
  153  180  262  464  630  976
  2
  85  976
  8
  29  57  404  493  634  638  640  894
  10
  54  118  122  212  213  506  573  640  805  823
  2
  221  967
  7
  96  128  312  350  356  468  886
  9
  116  132  205  466  472  568  609  734  822
  8
  110  120  578  718  732  741  813  848
  5
  272  383  493  548  640
  7
  9  120  169  177  675  779  841
  7
  394  535  545  639  659  865  886
  10
  108  124  217  348  747  776  859  861  917  991
  8
  61  90  136  274  350  656  677  750
  6
  428  494  576  734  739  877
  10
  148  149  240  253  375  500  610  709  867  942
  2
  55  304
  8
  21  107  168  248  288  358  375  446
  8
  62  69  149  183  335  481  570  640
  2
  423  835
  2
  227  464
  2
  75  887
  5
  271  289  696  713  845
  4
  83  271  787  794
  9
  67  149  293  405  471  485  513  751  784
  10
  10  119  166  351  359  363  367  467  580  700
  3
  386  599  697
  5
  251  297  418  464  947
  7
  197  489  608  744  798  839  966
  8
  38  42  123  326  501  946  980  985
  5
  182  551  652  937  967
  9
  61  186  224  399  467  575  785  790  905
  9
  2  78  311  345  398  483  500  585  676
  8
  130  290  298  453  670  782  898  961
  5
  28  247  713  719  796
  8
  103  190  268  600  753  779  909  984
  6
  37  64  116  202  334  362
  6
  208  227  247  462  472  652
  5
  159  171  191  519  753
  6
  229  252  441  500  746  754
  9
  117  356  482  571  590  615  631  816  889
  7
  291  539  575  691  788  882  887
  5
  264  356  584  814  912
  10
  112  183  262  396  465  509  777  807  912  924
  4
  261  534  609  940
  10
  184  242  373  605  642  803  849  962  987  991
  6
  166  238  374  387  578  778
  10
  92  122  362  502  540  553  711  859  907  989
  8
  289  308  394  556  589  813  839  972
  8
  25  177  428  598  603  778  907  978
  4
  59  435  682  998
  9
  206  323  384  703  769  799  846  875  986
  10
  9  32  40  152  178  605  726  783  958  966
  10
  4  9  37  321  349  434  495  732  894  987
  5
  10  28  157  850  953
  8
  30  182  238  542  807  823  908  972
  7
  116  124  144  231  473  553  901
  9
  12  336  524  546  722  787  795  825  854
  8
  162  285  448  556  702  717  782  788
  2
  51  748
  6
  7  357  363  523  763  814
  5
  29  247  671  965  970
  3
  760  840  933
  3
  460  529  710
  4
  69  101  317  512
  9
  25  59  537  565  570  709  812  822  900
  7
  80  112  126  223  233  416  819
  8
  56  200  519  608  681  688  756  809
  2
  407  577
  6
  118  543  545  603  610  818
  5
  33  104  163  424  656
  4
  262  282  589  972
  7
  4  95  526  606  611  907  955
  9
  187  301  314  517  527  620  820  835  960
  4
  127  830  850  974
  3
  166  516  674
  10
  104  259  334  391  411  572  615  718  892  901
  8
  48  134  169  212  303  532  765  986
  2
  80  402
  6
  172  422  542  695  789  976
  6
  78  443  604  795  822  897
  4
  104  172  243  646
  7
  8  53  68  595  886  919  955
  9
  134  197  528  592  617  628  755  781  924
  7
  300  321  333  578  616  621  952
  9
  12  39  42  90  303  353  672  750  873
  5
  74  421  432  436  507
  4
  242  330  591  708
  3
  206  437  529
  7
  106  236  407  515  802  812  885
  6
  304  461  486  600  945  993
  7
  412  523  524  583  782  868  992
  5
  62  255  575  770  967
  4
  67  195  690  700
  2
  589  989
  3
  545  853  996
  10
  374  409  510  657  751  828  832  905  976  988
  3
  152  178  219
  3
  158  423  697
  6
  45  384  454  734  775  950
  8
  179  342  478  570  610  799  945  1000
  7
  6  130  525  600  731  876  999
  8
  167  247  295  453  595  643  651  923
  8
  264  271  353  377  532  619  696  841
  7
  249  514  525  611  626  959  989
  9
  93  106  185  205  277  291  369  671  952
  6
  69  407  449  648  693  853
  7
  315  584  803  826  906  930  937
  2
  25  656
  4
  253  473  561  718
  4
  178  607  817  970
  2
  552  569
  5
  42  191  255  793  946
  3
  156  265  897
  2
  154  484
  2
  757  971
  2
  715  727
  8
  123  184  371  581  584  671  804  992
  5
  92  420  728  740  868
  9
  76  288  326  371  458  632  705  786  954
  3
  196  302  633
  6
  41  412  450  519  606  713
  2
  55  823
  6
  304  444  732  881  894  976
  10
  74  149  307  310  418  508  509  719  732  866
  7
  221  441  467  513  527  539  810
  3
  238  291  991
  8
  354  567  682  688  694  802  921  961
  6
  228  328  380  462  601  887
  6
  196  504  673  674  949  999
  8
  56  131  266  318  571  583  624  638
  7
  234  238  252  324  758  937  954
  7
  34  154  179  347  391  445  819
  6
  6  143  781  834  843  995
  4
  476  664  911  935
  8
  150  205  214  322  406  568  589  601
  5
  296  346  744  868  996
  9
  10  64  189  259  324  355  529  598  802
  3
  9  70  844
  3
  114  151  749
  8
  95  158  164  293  419  600  838  848
  5
  83  117  701  727  953
  7
  90  119  337  356  444  608  788
  9
  201  268  298  503  572  603  872  933  951
  9
  21  72  232  384  402  541  792  833  836
  10
  41  61  277  473  483  496  546  806  901  975
  6
  113  342  349  363  525  738
  4
  440  576  728  851
  7
  252  466  544  551  607  947  977
  8
  19  448  492  735  793  864  873  878
  5
  362  401  407  477  617
  3
  509  598  877
  4
  71  96  723  922
  2
  746  933
  5
  128  278  333  465  595
  10
  69  87  223  317  326  555  561  741  782  958
  3
  112  735  764
  10
  296  353  374  423  444  492  531  706  811  966
  10
  67  156  174  209  224  319  458  534  591  936
  6
  59  76  315  500  717  787
  4
  232  233  656  822
  7
  9  252  332  517  538  861  874
  2
  250  338
  9
  201  242  243  404  505  667  894  907  924
  10
  62  141  219  347  393  481  608  764  856  871
  5
  310  676  753  792  821
  4
  264  447  697  922
  8
  110  126  257  807  814  886  905  983
  4
  133  496  800  956
  6
  69  290  445  474  673  759
  10
  106  156  280  501  759  821  909  918  981  982
  10
  134  339  362  373  444  467  594  614  680  914
  4
  245  399  473  569
  4
  15  114  210  472
  7
  256  285  335  392  474  540  862
  8
  445  456  481  599  615  626  737  860
  8
  17  451  483  581  681  756  893  993
  2
  209  700
  8
  104  169  380  502  557  810  913  947
  7
  64  300  406  715  730  911  932
  5
  189  763  810  922  939
  3
  365  678  969
  4
  109  287  323  921
  4
  104  385  464  961
  4
  446  611  662  822
  4
  133  338  714  886
  3
  27  891  892
  2
  271  345
  9
  44  51  99  170  235  253  521  648  684
  3
  506  557  596
  8
  102  286  371  438  686  707  724  882
  5
  383  616  737  947  968
  5
  101  815  891  927  970
  2
  58  647
  2
  370  507
