  100  100
  1  1  1  1  1  1  1  1  1  1  1  1  1  1  1  1  1  1  1  1  1  1  1  1  1  1  1  1  1  1  1  1  1  1  1  1  1  1  1  1  1  1  1  1  1  1  1  1  1  1  1  1  1  1  1  1  1  1  1  1  1  1  1  1  1  1  1  1  1  1  1  1  1  1  1  1  1  1  1  1  1  1  1  1  1  1  1  1  1  1  1  1  1  1  1  1  1  1  1  1
  4
  20  28  30  75
  2
  73  78
  4
  9  25  84  85
  3
  18  36  83
  2
  50  81
  3
  6  26  93
  2
  43  85
  2
  5  71
  2
  15  74
  2
  21  77
  2
  70  72
  3
  8  16  70
  3
  70  87  90
  4
  5  17  30  40
  2
  58  83
  3
  1  24  79
  2
  25  44
  3
  3  6  77
  4
  23  62  66  91
  2
  52  87
  4
  11  74  83  96
  2
  47  52
  4
  4  11  35  43
  3
  23  70  85
  4
  30  35  93  96
  2
  82  87
  4
  1  37  44  98
  4
  29  41  57  89
  3
  38  44  45
  3
  37  72  92
  3
  6  73  97
  3
  15  37  92
  4
  7  8  64  73
  3
  10  13  50
  4
  4  40  55  93
  3
  12  79  93
  2
  26  36
  4
  7  14  31  72
  3
  59  78  99
  3
  22  56  80
  4
  24  56  68  99
  3
  15  24  99
  3
  28  30  39
  4
  62  64  76  91
  4
  30  51  82  100
  3
  7  21  92
  2
  52  56
  4
  53  59  76  91
  2
  48  79
  4
  11  46  75  78
  4
  8  25  26  42
  3
  36  45  73
  4
  23  26  78  83
  4
  24  35  39  49
  2
  34  59
  3
  20  52  91
  3
  8  22  45
  2
  56  71
  3
  1  22  30
  2
  53  58
  3
  8  21  65
  2
  36  96
  4
  8  44  56  69
  3
  36  82  91
  4
  60  73  78  100
  4
  19  28  58  83
  4
  69  74  83  99
  2
  51  82
  2
  49  97
  3
  19  40  53
  3
  54  61  94
  4
  9  11  27  60
  4
  13  39  90  97
  2
  8  95
  4
  19  27  42  90
  2
  19  49
  4
  5  22  52  83
  4
  54  60  77  81
  4
  7  31  38  43
  2
  49  75
  2
  71  73
  2
  18  82
  3
  24  38  100
  3
  33  34  75
  4
  62  64  85  98
  4
  46  56  62  95
  2
  42  89
  4
  33  36  44  85
  4
  45  57  80  89
  2
  24  62
  4
  44  71  79  100
  3
  34  71  77
  2
  45  46
  4
  11  34  48  80
  2
  11  51
  4
  8  47  87  95
  2
  4  26
  4
  47  55  58  81
  2
  14  73
  4
  61  67  78  83
