  1000  1000
  3  8  20  2  16  7  12  14  19  18  14  1  13  18  15  5  5  14  4  14  8  12  19  4  8  10  5  19  6  15  18  7  2  15  7  10  2  15  20  1  5  5  12  18  11  11  20  16  5  15  19  4  16  20  14  6  9  18  3  1  18  3  1  17  17  2  12  1  17  11  11  4  8  11  12  6  18  5  6  15  4  5  15  9  10  16  14  6  5  17  9  9  3  17  16  9  8  6  19  17  3  5  17  7  19  16  3  16  2  3  16  19  14  18  20  11  9  1  1  16  4  5  15  14  6  18  14  6  1  13  2  16  15  12  15  11  7  10  11  4  7  9  14  14  11  17  20  13  7  9  5  19  19  6  14  13  19  15  19  11  10  4  17  19  10  3  3  16  13  17  13  4  19  19  11  17  10  4  5  19  19  13  19  18  19  13  5  12  11  8  1  4  15  20  13  9  16  3  7  4  10  1  13  20  2  17  18  3  12  13  10  4  8  6  4  9  16  7  15  7  6  8  16  9  11  4  9  2  19  14  19  7  20  8  17  10  16  2  4  3  1  1  19  12  5  2  4  14  11  15  17  17  13  12  7  8  19  3  12  8  12  15  18  14  12  9  3  10  5  5  17  3  12  18  8  19  15  19  18  1  2  8  3  6  12  1  15  13  2  14  6  5  17  8  5  19  7  14  11  10  20  2  10  15  12  14  5  9  15  17  20  18  17  6  13  18  2  9  12  12  8  17  18  13  3  3  19  19  16  20  11  19  9  7  11  15  19  9  19  16  13  3  6  13  20  7  5  2  5  7  3  16  7  9  16  6  8  7  5  19  5  12  14  20  19  5  3  4  15  10  19  19  5  20  9  13  1  4  7  7  17  13  13  9  1  10  2  5  18  6  13  5  7  20  17  20  19  3  6  19  7  20  5  16  3  15  19  14  18  2  19  16  6  18  3  9  8  18  12  14  2  8  10  3  20  19  15  12  10  7  14  4  10  16  12  1  3  10  7  11  11  2  2  8  16  17  2  17  6  5  1  7  15  5  15  6  2  5  1  20  17  6  3  12  6  3  19  6  20  14  7  6  1  1  2  18  8  12  3  1  4  12  1  13  13  15  6  7  6  13  8  1  14  19  19  17  16  2  5  2  2  7  1  16  14  20  19  20  10  12  10  1  11  20  10  2  1  2  20  7  5  12  16  20  7  11  11  11  11  3  17  11  18  4  9  10  14  17  9  12  2  3  18  10  20  14  14  14  13  2  4  2  14  20  9  15  16  1  5  3  5  20  13  11  6  15  20  11  8  9  14  19  6  5  8  11  6  2  15  20  12  8  16  6  11  9  12  9  4  9  18  10  13  16  17  20  15  6  16  1  4  13  19  6  20  9  1  3  4  12  5  8  2  17  6  10  4  18  2  20  18  11  17  1  5  6  10  18  16  6  2  1  1  2  10  12  12  2  19  2  15  2  8  5  10  18  6  16  18  16  10  7  19  2  15  11  6  1  9  15  4  11  11  11  12  9  6  20  8  20  1  6  13  18  13  19  2  4  8  8  8  20  19  3  2  16  16  19  10  14  19  5  2  7  16  17  6  7  15  19  1  10  4  1  3  5  10  19  8  14  19  19  9  3  7  17  20  9  6  4  15  5  10  20  14  4  20  9  14  3  20  6  2  17  4  4  12  13  4  14  14  6  1  11  1  19  3  15  16  4  12  5  2  13  4  8  15  7  1  10  5  14  3  5  4  12  6  15  6  2  4  4  2  20  15  3  4  18  16  5  14  8  12  16  12  12  10  15  20  9  9  2  4  9  9  19  7  14  14  12  16  3  3  10  5  5  6  4  5  10  3  1  16  12  19  9  10  12  13  4  5  11  6  12  14  19  20  4  1  20  18  11  2  19  11  19  18  9  15  19  15  13  1  9  7  5  15  10  20  4  13  14  15  20  11  15  20  5  7  1  4  1  2  17  10  15  3  15  4  4  7  1  16  18  16  15  8  18  15  9  16  12  20  20  15  20  4  14  18  2  10  9  12  11  9  18  19  20  5  11  13  1  9  19  1  14  18  20  2  6  12  11  16  9  14  10  11  20  14  6  15  18  9  18  10  13  19  11  18  18  5  1  14  4  13  14  14  15  16  6  1  10  12  4  7  7  8  9  14  18  3  4  3  20  10  7  14  4  17  10  18  19  9  10  18  8  2  9  19  1  18  2  1  12  7  11  9  1  3  4  11  9  9  14  15  10  11  2  18  9  20  14  16  18  9  14  8  11  2  17
  6
  10  111  505  624  823  911
  3
  208  642  957
  10
  157  292  293  393  546  555  630  675  705  864
  8
  64  104  509  551  560  668  880  940
  10
  17  107  174  249  558  636  841  851  876  981
  6
  235  237  637  760  929  946
  5
  125  258  299  518  550
  6
  60  100  146  516  757  946
  2
  214  252
  6
  63  178  332  437  793  908
  9
  72  73  685  736  758  798  814  864  996
  5
  123  445  472  567  947
  4
  27  650  697  804
  7
  50  215  297  311  476  596  764
  9
  60  112  209  460  526  647  718  860  957
  8
  44  192  431  436  557  675  681  964
  6
  147  428  453  612  665  997
  3
  146  415  685
  7
  27  124  338  433  827  844  924
  8
  67  111  229  244  255  630  867  869
  10
  304  402  414  487  622  709  739  747  821  960
  5
  138  194  390  412  629
  3
  146  630  802
  9
  7  213  219  475  553  596  713  837  963
  6
  182  222  304  354  851  885
  4
  160  613  738  964
  10
  239  293  455  629  639  658  734  795  883  955
  4
  128  343  370  824
  6
  69  180  629  648  743  875
  8
  89  103  407  699  800  844  926  986
  5
  66  367  371  723  909
  9
  70  321  339  383  752  834  887  898  995
  8
  261  284  434  468  779  813  895  922
  2
  439  454
  9
  15  159  226  339  418  419  489  527  828
  10
  46  56  63  176  196  488  700  734  843  926
  7
  207  256  330  471  533  723  894
  9
  23  249  364  470  554  704  772  909  914
  4
  27  164  827  836
  6
  147  367  553  607  860  925
  3
  129  533  975
  9
  27  111  139  175  215  398  401  837  909
  5
  120  576  603  977  991
  2
  508  786
  4
  55  649  690  738
  2
  58  515
  5
  35  419  422  682  765
  4
  418  419  481  909
  3
  144  832  862
  9
  162  165  228  262  412  472  514  599  850
  6
  82  316  350  518  534  589
  4
  23  106  646  706
  7
  32  77  656  790  827  833  836
  5
  57  340  581  863  964
  2
  565  953
  3
  714  734  871
  8
  212  238  316  353  481  485  658  824
  8
  30  81  368  510  517  695  729  846
  2
  204  249
  6
  140  231  280  400  502  968
  4
  333  541  762  774
  5
  145  419  753  807  965
  9
  145  166  216  403  414  585  852  901  902
  10
  144  200  319  332  416  649  744  919  926  996
  7
  111  415  435  580  585  891  976
  6
  239  349  520  573  688  722
  5
  381  447  639  725  989
  6
  94  366  567  705  797  810
  8
  49  159  289  299  423  595  813  980
  3
  13  238  856
  8
  86  498  518  635  809  815  920  967
  5
  339  621  703  736  985
  9
  80  273  391  441  442  592  595  690  995
  5
  8  250  491  712  780
  2
  45  445
  3
  49  523  526
  7
  36  62  75  251  467  579  786
  2
  3  607
  3
  368  468  592
  2
  51  710
  6
  11  276  496  741  781  829
  3
  400  457  722
  5
  362  501  674  861  887
  4
  36  277  333  538
  5
  153  323  390  518  713
  6
  368  518  612  641  836  920
  6
  2  430  464  576  642  645
  2
  63  966
  6
  24  241  322  765  781  832
  8
  189  340  534  568  841  877  911  939
  5
  158  313  458  658  857
  8
  28  46  64  71  534  678  745  904
  10
  65  130  164  397  485  516  633  757  841  854
  6
  205  231  257  567  799  990
  8
  233  375  524  663  737  804  850  885
  5
  267  623  720  843  962
  9
  12  135  270  315  328  417  664  765  788
  2
  691  720
  4
  710  760  771  931
  2
  144  635
  9
  72  226  558  574  608  655  756  967  992
  7
  56  76  153  225  367  828  909
  5
  28  81  349  358  392
  6
  33  241  303  560  725  847
  9
  142  164  247  313  423  498  591  669  883
  2
  18  243
  10
  30  281  446  504  526  563  584  613  616  749
  2
  465  957
  6
  81  118  517  596  823  845
  4
  493  541  545  551
  7
  34  231  401  595  708  961  1000
  9
  150  229  322  406  595  627  675  688  838
  6
  187  325  549  704  867  884
  4
  304  414  734  939
  10
  250  400  453  711  804  833  859  897  929  993
  5
  106  309  594  827  973
  5
  58  267  282  449  898
  10
  33  75  306  359  388  556  698  752  949  961
  10
  174  192  205  356  441  757  774  824  917  975
  10
  54  95  235  505  516  542  547  841  868  931
  5
  525  834  863  985  987
  2
  616  871
  7
  21  375  505  554  565  874  975
  5
  130  347  774  895  980
  3
  234  505  559
  3
  142  401  795
  3
  832  836  933
  2
  650  681
  6
  133  221  355  603  799  967
  5
  123  305  363  532  721
  4
  31  262  441  540
  3
  238  365  390
  9
  169  248  340  348  468  723  753  756  782
  4
  2  133  141  589
  5
  642  754  831  965  977
  7
  289  348  366  513  587  608  611
  7
  110  148  220  416  425  799  846
  8
  204  208  332  428  474  726  749  897
  5
  38  45  63  171  914
  3
  438  465  567
  3
  78  96  714
  2
  150  852
  4
  254  387  544  584
  6
  305  405  664  812  843  862
  6
  227  262  405  440  543  862
  2
  508  764
  4
  439  797  951  978
  10
  46  82  202  236  270  391  510  619  740  937
  9
  36  335  375  381  421  517  774  952  956
  5
  473  520  673  912  987
  8
  149  250  347  376  402  579  677  956
  7
  50  576  602  640  736  966  982
  2
  352  823
  3
  183  210  373
  5
  137  254  387  434  680
  5
  28  374  591  821  840
  9
  33  199  562  565  687  738  761  930  943
  7
  542  552  669  707  785  880  960
  7
  31  82  294  297  372  551  639
  8
  144  394  523  572  765  794  820  949
  2
  317  828
  5
  207  473  611  755  881
  2
  790  897
  5
  115  289  314  484  778
  2
  781  939
  3
  346  357  848
  5
  126  267  412  942  943
  6
  208  252  409  665  672  754
  10
  37  42  92  332  352  407  512  779  806  811
  4
  240  723  858  931
  3
  459  703  967
  6
  368  385  417  727  799  945
  7
  85  222  346  541  828  973  979
  7
  211  312  485  589  641  652  983
  7
  210  399  419  443  446  545  867
  2
  284  293
  7
  85  94  504  910  945  965  975
  4
  133  241  475  603
  6
  200  261  274  744  833  976
  6
  9  84  538  803  808  895
  7
  85  181  199  215  236  395  713
  6
  298  328  456  512  629  711
  3
  62  520  586
  5
  28  195  521  609  923
  7
  67  69  524  536  799  904  925
  6
  82  359  414  466  785  861
  7
  5  146  414  708  916  940  963
  10
  90  111  124  147  244  311  361  454  643  961
  5
  447  502  620  686  726
  6
  28  131  261  298  651  720
  5
  399  407  464  578  750
  7
  23  162  271  364  432  822  903
  6
  253  354  389  662  824  977
  9
  229  393  631  673  762  862  891  972  974
  8
  54  315  333  520  636  808  962  975
  2
  115  585
  5
  232  332  339  450  618
  6
  115  270  324  393  682  941
  8
  15  307  345  370  591  593  763  909
  7
  25  317  398  802  896  943  998
  2
  760  828
  9
  54  462  519  665  758  773  832  882  973
  6
  225  339  406  771  908  959
  3
  592  643  824
  4
  460  521  569  712
  3
  172  462  766
  10
  18  251  357  588  638  683  686  821  849  986
  6
  112  348  392  487  764  797
  7
  67  377  561  705  879  921  972
  4
  221  402  656  797
  5
  8  270  460  538  806
  7
  324  542  674  710  775  792  904
  6
  127  238  294  649  861  985
  8
  48  344  577  630  654  702  755  899
  9
  61  275  290  319  377  607  651  737  855
  6
  164  275  416  532  609  927
  8
  307  504  527  616  630  805  836  860
  5
  595  737  781  782  809
  7
  230  482  568  661  670  844  991
  2
  367  855
  4
  817  822  981  997
  9
  48  265  300  306  571  575  617  662  796
  3
  127  566  944
  7
  409  412  487  657  801  862  964
  6
  34  140  486  741  876  968
  2
  237  594
  10
  29  199  261  300  324  507  647  860  943  959
  5
  174  260  330  679  782
  4
  48  417  422  478
  3
  879  932  996
  8
  265  365  536  662  758  837  874  889
  9
  95  228  338  384  395  400  826  902  957
  6
  218  394  420  702  841  907
  7
  338  353  479  502  535  658  865
  8
  159  442  567  599  652  742  854  931
  3
  5  67  201
  3
  89  277  361
  8
  50  55  146  339  401  518  522  616
  7
  91  223  269  283  608  850  977
  9
  8  55  129  246  437  592  694  962  980
  2
  183  948
  6
  61  63  66  265  731  943
  4
  17  44  249  315
  7
  24  104  155  204  504  968  982
  2
  238  938
  5
  175  237  387  476  757
  4
  342  375  649  662
  4
  139  264  377  483
  2
  303  455
  6
  50  358  500  854  989  998
  5
  105  211  510  831  994
  10
  174  250  319  533  685  725  735  804  893  909
  2
  76  651
  5
  374  543  614  639  755
  7
  63  93  239  520  713  760  812
  8
  24  104  454  578  665  736  916  967
  9
  103  227  298  388  699  804  892  893  993
  8
  174  186  275  425  426  500  892  945
  7
  84  198  262  569  646  871  990
  6
  184  326  420  495  568  954
  10
  11  378  397  518  608  614  717  831  976  989
  9
  38  42  68  593  722  780  864  910  977
  10
  48  162  187  399  585  666  750  884  981  989
  9
  44  61  98  158  589  600  672  736  829
  3
  60  165  623
  9
  3  210  217  226  293  351  527  731  823
  3
  436  710  958
  6
  89  116  260  754  893  900
  9
  120  255  276  304  326  593  681  689  838
  2
  822  892
  8
  14  372  440  541  663  764  832  900
  10
  27  86  94  123  346  440  517  700  749  848
  8
  19  192  196  217  337  354  409  597
  2
  435  558
  8
  157  299  446  468  591  690  722  896
  5
  56  99  315  433  626
  5
  91  123  204  367  404
  6
  217  311  320  354  853  874
  7
  348  492  528  559  611  845  877
  4
  189  330  490  821
  10
  171  207  332  374  432  591  613  678  987  997
  3
  448  728  776
  6
  139  504  510  549  799  826
  6
  268  278  446  473  611  968
  4
  95  523  577  845
  10
  169  260  377  412  437  647  672  681  746  946
  6
  32  123  222  416  568  629
  3
  451  711  753
  8
  121  237  327  452  529  788  942  972
  10
  33  115  130  257  425  880  895  919  927  992
  8
  193  235  254  306  340  397  731  870
  4
  182  242  277  637
  10
  28  224  265  272  404  408  635  716  842  997
  10
  37  502  594  679  692  745  849  901  947  953
  4
  641  722  827  898
  10
  65  111  137  432  439  499  527  666  753  784
  8
  134  189  396  508  542  637  864  920
  4
  288  394  573  911
  7
  386  413  462  483  504  680  874
  7
  4  80  258  554  653  663  928
  3
  501  790  822
  9
  73  283  351  363  561  737  867  880  904
  8
  65  334  367  403  439  580  653  800
  6
  20  247  764  786  861  883
  5
  8  412  893  917  991
  4
  206  301  557  699
  7
  244  261  362  490  906  975  984
  4
  306  368  628  853
  7
  60  301  530  590  691  703  765
  9
  29  173  375  558  612  820  880  911  980
  7
  104  111  247  309  394  625  714
  4
  65  343  788  991
  6
  231  617  749  806  843  921
  5
  91  558  560  618  704
  10
  114  170  185  211  260  305  540  683  896  917
  3
  321  773  992
  4
  44  199  300  369
  9
  120  174  246  287  380  635  717  722  755
  9
  92  115  195  303  325  512  628  895  973
  2
  544  645
  6
  115  160  424  701  867  885
  3
  219  839  955
  8
  127  239  268  428  638  786  866  919
  7
  664  743  790  813  828  862  880
  9
  35  193  202  451  484  511  723  946  988
  10
  78  176  226  229  503  677  829  834  844  882
  5
  306  425  524  613  791
  10
  85  96  248  250  476  593  671  716  761  879
  6
  70  216  263  326  351  564
  8
  3  137  148  294  386  591  911  985
  5
  151  220  223  311  707
  9
  21  35  63  89  326  367  845  992  1000
  8
  52  58  68  268  278  352  660  931
  2
  646  899
  8
  168  200  300  450  578  591  724  799
  10
  198  217  340  384  423  429  475  692  807  870
  10
  32  45  66  119  225  437  516  689  826  977
  2
  476  587
  9
  14  58  67  68  427  503  581  603  619
  2
  409  613
  4
  282  325  514  533
  4
  56  252  273  744
  3
  139  673  754
  5
  46  127  149  381  646
  10
  68  76  87  128  275  357  465  571  774  825
  9
  226  266  294  403  517  629  675  690  869
  4
  129  180  725  750
  4
  45  81  182  830
  4
  283  460  735  817
  3
  314  401  698
  6
  278  317  367  567  844  860
  7
  135  464  598  605  706  717  948
  9
  132  280  340  352  483  490  705  720  901
  8
  5  102  437  513  549  882  975  997
  4
  107  348  403  863
  8
  74  205  489  707  771  846  964  997
  6
  155  194  198  264  318  346
  6
  245  376  664  886  890  959
  7
  107  273  374  489  564  693  907
  3
  428  660  860
  9
  82  254  273  277  446  464  559  650  657
  3
  361  648  711
  3
  128  138  824
  10
  35  206  242  291  510  612  629  682  688  727
  2
  299  791
  5
  66  162  204  494  969
  5
  32  565  632  702  902
  5
  10  163  559  608  696
  3
  287  447  783
  7
  318  332  386  539  651  681  878
  2
  123  434
  4
  144  530  902  905
  8
  142  261  310  460  499  521  655  953
  8
  73  91  219  465  471  491  512  701
  10
  141  227  252  418  502  532  584  610  804  809
  9
  72  145  293  368  602  613  736  855  912
  7
  29  133  370  419  480  764  910
  7
  20  169  213  257  285  417  676
  9
  21  81  540  750  800  801  876  888  934
  5
  453  539  631  641  802
  9
  32  52  223  393  482  486  568  613  725
  2
  347  780
  7
  185  273  665  792  911  929  992
  10
  104  169  270  550  574  641  711  734  753  889
  2
  597  900
  7
  52  139  363  413  741  851  913
  5
  47  411  433  450  861
  10
  77  204  288  341  431  484  592  732  753  938
  3
  115  350  585
  8
  20  73  122  320  369  612  798  976
  8
  9  24  132  226  574  616  885  891
  8
  48  167  271  301  448  667  882  895
  6
  53  301  639  686  807  955
  4
  63  268  661  845
  7
  141  169  229  345  543  627  998
  7
  88  243  309  346  495  512  766
  6
  100  217  398  570  786  832
  5
  203  263  338  673  842
  4
  203  267  279  467
  6
  187  631  665  775  845  937
  5
  26  206  406  494  924
  6
  145  381  449  472  689  837
  2
  162  354
  7
  31  212  345  513  684  739  855
  6
  23  59  83  401  872  932
  7
  67  190  377  388  505  509  694
  3
  105  224  912
  10
  4  303  388  402  436  542  664  732  898  900
  2
  101  128
  7
  112  445  570  606  655  660  705
  7
  302  312  333  388  504  609  821
  6
  486  615  669  757  781  788
  6
  190  199  208  622  873  967
  2
  468  676
  6
  331  451  482  508  533  585
  10
  13  165  223  283  526  643  694  707  871  950
  6
  114  143  266  924  936  991
  5
  200  525  628  793  867
  4
  665  702  746  756
  10
  96  143  220  223  310  822  868  893  927  985
  3
  198  232  620
  4
  463  537  728  894
  5
  87  99  432  704  806
  8
  106  175  309  384  713  824  854  897
  9
  111  141  337  459  519  744  745  783  864
  10
  92  122  234  528  579  767  803  813  864  911
  7
  78  237  435  478  592  666  902
  4
  182  275  423  919
  8
  64  86  92  414  447  630  683  937
  8
  149  196  294  388  532  647  659  748
  3
  243  300  633
  8
  32  154  242  639  822  857  895  960
  7
  129  130  315  320  371  827  850
  5
  326  779  811  848  897
  2
  518  590
  10
  31  328  436  591  698  777  815  844  882  925
  2
  343  882
  7
  88  155  243  247  263  790  890
  10
  133  303  415  430  470  471  492  747  792  847
  7
  101  187  283  373  686  753  762
  3
  240  777  835
  9
  63  188  260  370  514  534  594  598  912
  6
  315  442  621  626  889  892
  10
  58  67  187  208  283  297  427  533  793  931
  4
  452  581  865  985
  9
  243  265  407  780  828  848  893  903  980
  6
  122  266  304  370  915  954
  3
  29  563  742
  2
  490  830
  6
  160  278  590  715  758  880
  9
  340  370  413  429  484  663  695  864  991
  4
  403  468  486  715
  8
  228  285  350  484  518  536  700  769
  6
  79  87  269  437  842  850
  4
  81  583  797  800
  10
  186  191  231  248  309  495  509  532  562  664
  2
  116  797
  3
  45  671  929
  3
  9  335  913
  5
  218  485  669  697  873
  3
  266  373  854
  6
  168  183  203  206  310  432
  2
  124  332
  8
  3  140  275  312  636  777  811  834
  6
  83  92  255  385  490  540
  8
  166  240  242  244  248  288  353  875
  10
  154  230  352  374  435  452  463  659  709  827
  10
  318  374  376  416  474  499  542  700  901  930
  9
  106  370  417  478  607  618  788  859  932
  7
  161  244  351  595  712  766  854
  2
  244  793
  3
  237  262  899
  4
  803  876  937  992
  9
  2  15  127  282  348  406  685  774  819
  8
  107  381  459  483  703  718  877  925
  8
  66  81  263  266  332  728  892  941
  7
  59  284  360  618  793  974  991
  10
  9  36  45  153  372  474  542  759  858  985
  3
  70  291  518
  5
  329  551  685  798  859
  8
  54  115  415  581  602  646  685  980
  7
  40  218  375  609  708  744  873
  6
  501  590  661  699  748  985
  4
  5  296  839  859
  3
  328  526  707
  10
  79  112  182  556  673  757  793  845  868  916
  6
  108  307  511  787  808  872
  7
  201  276  367  491  762  832  836
  6
  143  172  370  750  760  948
  10
  163  252  312  387  678  749  760  853  858  878
  4
  143  363  490  544
  5
  416  423  671  913  925
  9
  422  480  506  620  623  645  658  787  976
  3
  23  106  994
  7
  140  348  598  639  709  819  826
  9
  197  321  390  536  602  640  692  848  876
  4
  171  297  747  826
  7
  93  380  384  424  448  548  876
  9
  98  198  278  614  682  724  740  927  952
  6
  119  260  502  619  762  768
  4
  80  94  321  709
  5
  78  228  514  582  988
  3
  41  862  892
  2
  303  968
  6
  53  414  458  566  595  973
  8
  76  260  327  406  662  747  844  934
  8
  136  432  519  604  657  687  720  844
  2
  113  509
  4
  187  673  750  903
  7
  102  164  432  594  597  611  650
  2
  211  389
  3
  700  809  889
  3
  58  527  916
  8
  259  305  387  456  521  545  706  883
  7
  23  243  500  543  729  759  840
  7
  139  308  642  679  700  749  832
  5
  35  167  316  343  923
  2
  669  991
  5
  33  496  507  936  991
  7
  198  328  352  671  845  971  990
  9
  151  171  267  398  756  841  876  949  968
  3
  110  132  894
  5
  130  590  601  607  685
  4
  455  541  834  851
  9
  94  106  172  452  484  584  663  761  838
  2
  238  641
  3
  435  579  919
  4
  152  562  739  878
  2
  357  724
  2
  566  726
  3
  55  584  731
  6
  124  514  784  810  859  874
  2
  431  623
  2
  315  527
  9
  166  200  292  509  524  573  598  712  942
  4
  426  479  835  945
  3
  81  338  382
  10
  133  193  208  432  652  684  738  744  872  956
  7
  86  286  660  733  759  838  941
  3
  123  577  811
  10
  28  284  412  495  643  691  711  878  928  990
  7
  148  406  490  641  647  702  936
  4
  71  132  180  837
  2
  403  956
  2
  33  77
  2
  61  775
  6
  54  101  195  267  830  991
  4
  138  559  904  937
  2
  201  958
  6
  84  91  285  583  638  810
  10
  2  28  164  207  383  424  426  486  536  805
  3
  18  26  53
  6
  521  545  752  777  887  965
  5
  117  355  568  799  988
  4
  23  26  103  951
  6
  223  346  402  536  697  869
  6
  10  102  216  341  608  938
  6
  248  287  346  378  467  984
  10
  78  327  373  385  531  570  628  704  728  780
  5
  101  335  529  621  980
  7
  21  203  205  783  846  877  921
  9
  72  91  132  392  458  719  722  949  990
  5
  24  269  389  536  539
  10
  42  84  215  344  508  641  652  692  863  914
  4
  147  263  305  652
  4
  152  220  553  907
  2
  38  86
  5
  20  93  707  803  908
  6
  13  71  178  693  772  813
  8
  167  228  486  502  555  636  694  756
  9
  191  225  294  376  562  700  770  839  964
  3
  149  290  534
  8
  28  212  214  234  444  875  912  1000
  10
  138  139  190  316  489  633  747  751  827  920
  3
  190  510  844
  3
  101  679  904
  4
  243  351  591  970
  4
  285  322  621  689
  5
  1  296  349  558  989
  4
  72  110  194  314
  5
  46  244  258  593  766
  2
  326  702
  8
  354  448  487  522  868  890  902  957
  10
  82  115  263  435  492  567  715  746  762  963
  8
  120  220  246  354  413  484  666  881
  6
  37  78  400  513  590  917
  4
  25  139  160  629
  9
  77  290  410  476  510  532  777  830  989
  3
  438  833  988
  5
  70  80  130  297  677
  3
  831  959  999
  2
  132  277
  8
  64  189  332  340  402  592  668  698
  4
  76  273  517  865
  8
  14  137  237  412  464  705  762  878
  7
  125  500  529  580  692  807  901
  3
  471  618  867
  5
  374  434  843  879  884
  7
  14  34  272  439  560  636  737
  2
  584  873
  8
  127  207  317  482  488  495  598  885
  8
  13  27  211  387  538  592  609  778
  5
  155  253  259  340  895
  5
  27  101  424  692  903
  9
  386  399  459  503  534  545  626  789  821
  10
  103  325  547  654  744  769  839  887  932  964
  9
  34  61  62  121  146  155  612  638  644
  3
  439  724  803
  3
  68  467  538
  3
  232  431  933
  2
  255  585
  10
  315  325  332  436  564  630  779  948  954  995
  9
  79  128  167  221  269  322  688  715  970
  8
  65  163  278  561  576  654  892  993
  10
  79  132  196  242  325  496  506  598  800  808
  3
  720  843  928
  2
  261  356
  2
  232  792
  5
  49  114  118  567  936
  4
  63  129  567  995
  4
  24  247  517  922
  2
  716  840
  8
  283  425  428  577  582  707  908  975
  10
  15  139  225  302  375  546  739  777  787  983
  2
  306  541
  2
  284  553
  2
  219  920
  7
  75  215  217  469  615  825  968
  6
  82  260  312  642  650  675
  5
  144  278  304  614  838
  8
  193  273  295  611  720  770  821  922
  2
  208  607
  9
  325  525  582  607  772  846  918  919  956
  4
  12  337  725  751
  3
  466  576  730
  2
  192  241
  5
  69  215  396  764  907
  5
  38  507  622  856  994
  5
  92  248  330  374  686
  8
  30  531  552  649  756  820  887  965
  10
  311  394  503  546  563  641  668  680  775  887
  7
  125  218  450  785  898  952  965
  8
  343  383  475  705  784  815  821  841
  10
  21  157  211  280  361  370  479  666  845  851
  3
  133  323  651
  10
  139  149  221  354  386  649  666  801  867  934
  8
  211  260  428  567  820  840  877  904
  8
  289  316  593  789  842  843  882  925
  4
  54  272  679  783
  5
  211  217  693  797  860
  2
  377  961
  7
  127  141  346  367  492  703  721
  5
  44  155  473  528  777
  2
  452  515
  5
  153  189  321  835  891
  4
  275  763  899  959
  2
  540  861
  10
  43  76  111  247  474  479  547  679  697  950
  3
  59  155  854
  10
  259  298  387  471  636  637  712  784  867  958
  8
  86  117  206  371  375  611  687  782
  3
  45  395  881
  8
  244  549  674  725  809  813  842  886
  6
  123  162  327  751  917  966
  10
  60  135  146  179  333  496  571  599  722  956
  3
  95  600  923
  7
  135  138  221  226  624  715  804
  3
  47  374  471
  10
  16  476  654  697  715  772  807  920  966  986
  6
  401  433  483  606  697  874
  4
  127  304  769  997
  6
  224  362  411  499  624  663
  4
  457  561  570  620
  4
  399  884  947  990
  8
  103  246  359  368  426  512  768  924
  9
  155  163  165  457  511  592  646  801  886
  6
  111  144  286  732  799  879
  6
  88  152  433  486  501  633
  8
  157  186  228  336  605  613  761  866
  5
  22  88  419  630  648
  10
  52  113  406  450  459  500  532  584  774  940
  5
  207  233  296  701  845
  7
  11  248  290  666  681  941  963
  3
  488  678  707
  5
  319  400  843  947  967
  7
  8  13  96  536  803  854  911
  4
  390  423  472  885
  2
  139  845
  2
  845  956
  8
  28  131  194  203  530  753  927  950
  6
  46  55  151  159  219  668
  2
  539  909
  3
  254  368  624
  4
  139  195  396  871
  9
  1  345  483  634  638  665  759  893  978
  10
  145  190  215  297  341  396  426  600  647  979
  10
  20  84  169  195  310  335  529  714  738  967
  6
  123  178  232  719  855  1000
  10
  71  132  459  478  589  652  665  719  789  823
  6
  413  441  482  673  720  983
  10
  11  71  168  179  218  260  319  419  800  839
  2
  80  800
  5
  177  199  216  863  931
  9
  99  147  314  473  503  532  863  975  995
  7
  108  227  307  458  668  735  878
  7
  109  452  596  610  659  736  775
  2
  410  499
  3
  111  273  944
  9
  25  234  372  387  457  756  840  844  998
  5
  99  497  627  750  781
  10
  163  193  292  413  525  527  629  653  846  890
  9
  51  282  316  397  680  721  848  955  993
  9
  33  68  120  149  230  482  485  549  564
  7
  64  311  371  421  830  832  874
  5
  102  223  497  613  913
  8
  118  197  257  425  561  804  807  866
  4
  169  341  460  771
  8
  55  492  610  652  773  816  902  921
  2
  361  394
  6
  115  118  265  519  588  958
  2
  439  967
  4
  414  561  600  940
  4
  424  533  827  873
  2
  107  843
  2
  98  987
  2
  528  714
  5
  271  642  654  774  835
  4
  44  136  292  369
  2
  747  842
  6
  197  287  543  680  702  896
  2
  386  626
  7
  232  338  505  629  636  749  887
  4
  170  454  532  974
  4
  281  291  489  872
  4
  400  556  571  701
  6
  120  181  251  279  415  481
  2
  508  993
  9
  50  57  193  252  393  409  574  699  755
  5
  443  542  562  599  796
  10
  109  196  341  456  662  682  695  696  751  753
  7
  259  293  416  621  692  849  902
  7
  118  123  136  457  574  589  650
  5
  388  593  641  751  798
  3
  249  581  603
  8
  66  457  603  689  845  846  877  897
  8
  6  124  173  519  578  633  850  886
  9
  15  126  213  261  328  713  747  804  996
  8
  185  389  401  425  549  689  697  849
  3
  505  616  692
  5
  33  61  206  675  895
  4
  84  199  595  728
  6
  28  266  389  390  545  949
  2
  376  683
  9
  83  103  175  445  572  602  610  924  941
  9
  163  242  252  433  539  562  961  966  996
  4
  73  594  815  859
  2
  257  889
  3
  175  210  673
  8
  1  160  247  322  426  787  817  938
  2
  245  374
  7
  337  359  465  657  665  871  948
  7
  47  141  216  509  514  830  863
  4
  174  232  596  708
  4
  141  574  652  817
  4
  169  353  505  754
  6
  238  259  422  445  474  672
  3
  195  777  830
  7
  2  32  391  425  553  569  843
  2
  259  703
  9
  131  231  450  580  687  711  809  827  941
  3
  72  157  724
  2
  367  987
  10
  62  175  473  488  735  851  901  954  958  985
  9
  235  339  406  449  486  530  574  977  979
  10
  1  138  238  265  271  310  354  372  386  609
  10
  196  218  527  694  754  775  793  820  880  946
  10
  35  60  270  379  505  598  764  768  825  833
  9
  86  605  789  839  843  866  900  925  943
  10
  112  155  213  440  569  609  660  746  776  866
  6
  123  132  160  358  683  962
  2
  80  129
  8
  59  234  295  323  324  440  577  955
  9
  87  266  385  624  787  921  960  966  975
  4
  238  319  656  926
  2
  157  792
  2
  130  256
  6
  152  301  454  502  578  844
  5
  475  743  795  863  999
  10
  300  400  506  579  620  699  731  745  827  938
  9
  162  384  689  697  715  739  779  786  929
  5
  108  125  447  462  874
  3
  343  513  883
  7
  37  103  247  361  451  628  763
  3
  142  147  214
  5
  61  198  301  685  806
  2
  401  451
  2
  47  857
  3
  132  598  651
  3
  138  330  345
  5
  343  468  545  649  970
  3
  41  130  497
  2
  499  641
  9
  109  117  323  339  429  448  548  726  826
  5
  402  506  633  808  978
  6
  317  424  546  645  749  860
  6
  282  330  520  539  595  612
  7
  241  297  325  366  466  488  742
  2
  276  386
  8
  249  295  385  540  728  806  893  949
  6
  110  172  337  413  715  936
  6
  263  289  537  690  806  983
  7
  72  186  559  596  610  783  966
  6
  7  94  138  189  420  499
  2
  512  585
  8
  16  155  304  508  533  541  852  951
  2
  225  571
  4
  135  631  903  967
  8
  51  126  241  557  782  869  894  895
  6
  385  393  431  537  630  987
  3
  190  657  750
  8
  129  148  421  567  570  613  940  984
  7
  139  263  355  384  671  787  927
  8
  77  95  228  242  271  373  631  646
  4
  61  66  343  970
  10
  4  35  86  128  141  465  478  608  743  892
  7
  64  152  181  207  827  875  911
  2
  46  77
  9
  99  177  292  321  328  338  434  491  658
  3
  338  921  979
  9
  123  348  428  444  449  902  950  976  991
  10
  98  161  448  455  468  524  544  581  703  985
  6
  57  435  528  539  712  753
  3
  469  768  826
  5
  326  339  369  447  869
  5
  105  529  731  863  936
  7
  86  213  448  495  752  945  998
  6
  414  493  594  693  705  934
  2
  233  623
  5
  442  484  627  794  922
  6
  78  435  507  622  733  916
  5
  174  251  400  835  972
  10
  170  173  178  296  331  577  666  726  874  889
  7
  56  266  379  411  580  636  880
  3
  84  344  382
  7
  144  238  302  785  798  839  889
  7
  38  40  255  265  293  510  694
  8
  133  146  299  322  387  600  640  939
  3
  415  436  597
  4
  173  210  262  846
  3
  599  650  990
  3
  152  339  457
  2
  376  449
  7
  23  276  477  493  625  666  977
  6
  18  156  171  235  673  759
  6
  1  247  557  782  890  929
  10
  33  165  258  283  309  574  670  812  912  924
  4
  21  196  293  556
  4
  153  434  525  828
  10
  169  194  293  459  492  570  581  690  808  820
  6
  188  340  470  761  869  999
  2
  73  530
  7
  7  49  83  184  333  348  423
  9
  27  99  211  214  470  568  888  914  981
  2
  344  768
  6
  88  199  516  777  852  956
  8
  53  232  256  329  364  411  472  907
  6
  237  247  791  842  850  979
  6
  2  58  116  653  671  823
  5
  499  647  709  856  953
  7
  93  309  335  523  666  707  907
  2
  170  947
  10
  157  328  351  433  474  608  664  701  793  968
  9
  30  224  296  372  401  533  592  614  791
  7
  91  305  760  913  915  945  992
  4
  277  345  448  746
  8
  240  395  408  458  536  787  859  997
  5
  61  143  343  555  798
  2
  27  508
  2
  65  788
  6
  139  185  208  350  917  944
  9
  2  99  187  202  449  701  715  748  860
  10
  139  212  266  382  397  664  708  745  817  996
  7
  60  93  114  431  548  574  908
  8
  134  215  250  252  286  431  705  891
  3
  185  400  528
  8
  67  169  345  364  502  512  640  776
  7
  21  134  178  601  641  656  776
  5
  18  245  351  353  481
  7
  58  422  730  755  764  801  981
  5
  112  602  771  842  863
  10
  197  221  348  392  434  527  547  644  931  950
  7
  17  147  346  460  685  755  890
  7
  56  244  465  651  721  803  921
  9
  113  184  229  427  657  681  765  878  896
  4
  54  63  357  874
  4
  491  637  692  902
  5
  484  537  651  906  918
  8
  51  64  247  600  658  726  733  834
  4
  268  555  722  945
  9
  226  232  478  549  618  650  672  870  893
  3
  325  664  781
  10
  49  362  548  566  568  607  643  709  725  744
  9
  468  505  542  582  592  645  839  973  996
  9
  171  239  241  255  365  389  411  727  844
  2
  117  460
  9
  87  136  368  477  548  558  669  673  966
  6
  117  267  430  687  822  941
  8
  269  407  460  512  640  715  724  875
  6
  300  381  420  582  861  917
  9
  57  285  312  510  518  535  558  822  983
  7
  322  409  787  822  829  906  953
  3
  434  511  539
  6
  586  622  803  811  836  991
  9
  129  184  214  439  598  657  778  916  975
  4
  198  552  729  880
  9
  525  580  665  750  798  811  815  831  931
  7
  280  289  586  649  654  810  832
  3
  358  385  607
  9
  44  221  239  464  582  758  813  863  870
  8
  160  406  456  687  691  760  790  941
  7
  83  167  181  203  217  260  459
  3
  34  807  845
  9
  78  389  409  459  584  724  820  886  920
  6
  73  238  356  411  480  485
  8
  175  187  245  283  328  348  421  571
  9
  77  120  209  267  359  409  484  513  814
  10
  363  420  478  480  669  744  773  835  907  917
  4
  16  23  427  490
  9
  31  100  196  230  369  905  938  952  990
  4
  24  260  840  962
  6
  93  243  389  529  606  714
  9
  15  19  86  257  540  598  667  798  973
  7
  21  214  581  604  729  763  782
  6
  127  276  532  665  729  921
  3
  449  556  677
  3
  118  367  888
  5
  95  395  497  667  946
  3
  530  634  744
  5
  138  174  580  977  992
  7
  174  260  334  383  422  506  634
  7
  115  266  323  403  794  866  921
  6
  209  491  731  806  834  975
  6
  35  154  172  197  931  953
  6
  235  237  328  725  758  949
  2
  197  544
  6
  299  582  629  709  795  820
  5
  22  566  650  815  903
  4
  74  115  181  497
  2
  343  369
  5
  63  144  216  836  847
  5
  321  507  679  777  931
  7
  7  14  233  292  445  697  904
  3
  95  335  587
  6
  210  546  558  754  824  911
  4
  355  369  771  857
  2
  702  813
  4
  54  59  244  328
  4
  124  584  777  815
  5
  23  54  74  80  144
  4
  392  647  668  765
  10
  74  253  275  378  477  514  601  649  679  886
  10
  71  75  145  179  194  441  638  684  698  709
  6
  154  172  217  577  708  851
  2
  654  845
  10
  385  452  496  603  650  720  788  800  827  935
  7
  34  180  380  594  646  687  810
  3
  251  373  483
  8
  212  239  280  517  552  583  639  918
  3
  92  468  856
  3
  287  548  895
  6
  120  567  600  605  637  803
  8
  59  88  165  285  301  399  598  774
  10
  319  423  436  493  675  738  790  815  957  961
  3
  13  91  530
  9
  31  119  282  588  627  713  787  865  973
  4
  327  347  369  833
  3
  87  169  187
  4
  120  703  757  825
  5
  77  208  355  514  930
  4
  12  504  595  819
  7
  212  355  471  514  620  688  874
  6
  210  223  643  693  821  951
  5
  192  325  347  420  476
  5
  1  32  291  636  796
  7
  399  405  548  568  775  803  921
  10
  343  358  479  527  567  602  619  756  852  885
  6
  57  208  421  582  619  835
  9
  78  692  724  752  832  893  944  948  953
  6
  365  460  552  555  775  846
  7
  196  201  238  243  296  538  559
  4
  177  190  764  859
  6
  62  125  521  693  726  828
  2
  895  913
  10
  133  211  352  422  586  610  718  745  778  917
  7
  123  186  348  376  506  676  868
  8
  22  103  421  519  672  758  856  937
  7
  27  334  679  790  920  942  967
  8
  93  94  239  356  547  614  773  780
  9
  6  165  172  369  483  498  527  597  772
  8
  42  198  217  311  493  557  604  787
