  100  100
  1  1  1  1  1  1  1  1  1  1  1  1  1  1  1  1  1  1  1  1  1  1  1  1  1  1  1  1  1  1  1  1  1  1  1  1  1  1  1  1  1  1  1  1  1  1  1  1  1  1  1  1  1  1  1  1  1  1  1  1  1  1  1  1  1  1  1  1  1  1  1  1  1  1  1  1  1  1  1  1  1  1  1  1  1  1  1  1  1  1  1  1  1  1  1  1  1  1  1  1
  2
  20  52
  2
  3  13
  2
  54  65
  2
  82  84
  2
  17  61
  2
  35  49
  2
  78  98
  2
  47  59
  2
  26  33
  2
  14  27
  2
  6  47
  2
  27  44
  2
  23  50
  2
  9  84
  2
  32  84
  2
  34  40
  2
  9  100
  2
  15  48
  2
  3  100
  2
  60  89
  2
  8  31
  2
  39  67
  2
  83  100
  2
  78  92
  2
  25  47
  2
  39  70
  2
  65  83
  2
  73  76
  2
  16  47
  2
  60  75
  2
  31  33
  2
  3  13
  2
  56  98
  2
  19  36
  2
  20  30
  2
  24  78
  2
  38  66
  2
  62  93
  2
  43  100
  2
  18  63
  2
  35  45
  2
  2  17
  2
  57  78
  2
  1  21
  2
  22  46
  2
  13  74
  2
  14  66
  2
  86  100
  2
  33  84
  2
  9  68
  2
  35  44
  2
  37  61
  2
  25  83
  2
  6  60
  2
  80  90
  2
  36  80
  2
  36  38
  2
  84  100
  2
  25  45
  2
  72  83
  2
  52  75
  2
  6  55
  2
  7  77
  2
  16  80
  2
  25  32
  2
  31  39
  2
  1  51
  2
  26  59
  2
  80  94
  2
  87  100
  2
  21  33
  2
  26  49
  2
  48  58
  2
  24  25
  2
  26  87
  2
  14  100
  2
  18  99
  2
  10  94
  2
  7  43
  2
  10  77
  2
  3  50
  2
  59  67
  2
  36  99
  2
  51  55
  2
  34  60
  2
  2  57
  2
  67  78
  2
  55  87
  2
  35  54
  2
  61  77
  2
  20  31
  2
  85  93
  2
  46  81
  2
  52  96
  2
  2  47
  2
  8  9
  2
  8  11
  2
  2  90
  2
  50  70
  2
  17  40
