  200  200
  1  1  1  1  1  1  1  1  1  1  1  1  1  1  1  1  1  1  1  1  1  1  1  1  1  1  1  1  1  1  1  1  1  1  1  1  1  1  1  1  1  1  1  1  1  1  1  1  1  1  1  1  1  1  1  1  1  1  1  1  1  1  1  1  1  1  1  1  1  1  1  1  1  1  1  1  1  1  1  1  1  1  1  1  1  1  1  1  1  1  1  1  1  1  1  1  1  1  1  1  1  1  1  1  1  1  1  1  1  1  1  1  1  1  1  1  1  1  1  1  1  1  1  1  1  1  1  1  1  1  1  1  1  1  1  1  1  1  1  1  1  1  1  1  1  1  1  1  1  1  1  1  1  1  1  1  1  1  1  1  1  1  1  1  1  1  1  1  1  1  1  1  1  1  1  1  1  1  1  1  1  1  1  1  1  1  1  1  1  1  1  1  1  1  1  1  1  1  1  1
  6
  5  8  67  70  177  191
  4
  35  50  76  117
  6
  16  50  75  107  116  191
  7
  22  29  60  88  91  130  139
  4
  16  81  87  175
  2
  74  91
  3
  109  162  165
  6
  3  7  52  60  74  131
  7
  87  90  115  129  164  175  192
  6
  37  64  84  117  123  185
  3
  98  152  199
  2
  28  90
  4
  38  82  90  130
  2
  11  154
  8
  3  45  73  102  103  131  175  197
  2
  75  183
  5
  23  97  113  179  193
  6
  42  119  159  173  189  198
  3
  37  158  192
  6
  50  101  103  116  143  177
  4
  18  75  120  153
  8
  1  61  86  87  118  154  175  178
  3
  22  88  168
  7
  38  46  131  138  153  156  182
  6
  1  27  46  54  119  183
  7
  2  18  112  135  156  171  184
  6
  4  32  103  149  164  191
  3
  43  138  193
  3
  35  117  153
  5
  6  14  45  84  113
  4
  70  135  176  186
  2
  67  84
  8
  6  66  78  112  122  153  155  165
  4
  43  95  134  186
  5
  80  177  182  188  195
  8
  66  77  87  96  106  126  151  159
  6
  18  41  89  91  154  173
  7
  3  45  46  53  74  98  124
  3
  134  154  164
  7
  27  51  53  55  78  116  183
  6
  82  88  92  156  175  177
  5
  38  65  116  170  193
  7
  38  59  72  92  155  156  191
  7
  12  95  115  147  151  175  178
  4
  18  64  141  163
  2
  25  189
  3
  62  150  164
  4
  5  105  146  198
  7
  51  73  87  109  111  122  134
  2
  124  177
  5
  6  9  43  125  199
  6
  21  27  43  77  98  180
  8
  8  17  29  31  124  163  189  193
  8
  43  58  75  93  141  150  159  187
  2
  32  45
  5
  116  133  158  174  180
  8
  2  7  10  65  109  120  162  164
  2
  49  113
  2
  144  172
  7
  5  16  42  88  101  136  159
  4
  10  78  102  180
  4
  79  162  188  199
  4
  14  49  153  167
  3
  98  171  199
  5
  5  12  134  145  165
  5
  73  113  134  149  182
  4
  74  81  107  197
  2
  37  70
  3
  39  148  157
  4
  40  80  108  154
  3
  101  111  120
  5
  21  65  133  141  194
  3
  4  18  68
  7
  21  60  68  93  135  165  186
  5
  2  123  147  189  194
  4
  38  99  142  154
  6
  7  91  101  139  175  183
  7
  20  74  94  105  124  134  146
  4
  24  31  40  186
  8
  14  26  30  31  52  104  121  149
  6
  82  118  129  140  156  169
  2
  100  157
  3
  88  121  136
  5
  31  124  150  165  179
  8
  59  81  84  101  119  151  158  193
  6
  6  127  129  170  191  200
  3
  34  66  85
  3
  37  142  167
  6
  17  44  67  130  144  171
  8
  9  32  55  101  104  138  148  186
  6
  35  48  82  87  99  132
  3
  75  173  179
  7
  12  38  107  112  114  147  157
  6
  24  33  37  50  101  194
  3
  15  145  179
  4
  91  98  143  200
  6
  14  28  43  78  105  193
  8
  29  63  79  133  139  159  162  177
  7
  38  43  91  105  170  180  181
  2
  172  182
  5
  32  79  156  172  200
  7
  32  38  95  113  123  137  163
  5
  38  99  105  131  157
  5
  12  17  113  146  185
  7
  8  47  117  121  127  141  154
  5
  20  48  145  157  178
  5
  44  51  84  120  174
  5
  43  75  163  171  180
  5
  2  27  109  151  175
  6
  34  72  105  126  133  178
  7
  1  32  62  77  95  134  152
  7
  58  106  120  133  169  173  187
  2
  123  142
  8
  1  29  58  85  151  156  166  180
  7
  35  42  74  127  161  162  194
  7
  5  31  38  51  125  175  198
  8
  3  51  78  80  90  103  120  155
  6
  2  27  57  86  103  108
  8
  10  34  52  64  78  142  168  196
  4
  73  136  140  174
  3
  15  111  113
  5
  21  80  104  166  170
  8
  4  12  69  90  146  150  175  184
  3
  20  146  176
  3
  4  125  168
  8
  30  33  87  90  103  143  155  165
  5
  105  140  154  187  191
  3
  20  73  97
  8
  2  23  65  82  128  145  179  200
  5
  25  73  91  120  131
  7
  31  57  68  77  125  174  191
  2
  132  158
  3
  73  94  155
  4
  13  57  80  158
  5
  68  102  169  183  198
  5
  82  122  128  131  158
  3
  26  98  197
  7
  24  63  69  74  86  130  133
  2
  85  130
  2
  20  194
  7
  16  94  129  146  151  162  170
  8
  19  29  70  71  93  166  174  195
  2
  17  27
  8
  13  25  74  147  161  166  178  181
  2
  42  80
  8
  19  41  44  68  149  172  182  192
  4
  112  122  172  198
  5
  40  47  51  90  198
  2
  63  164
  2
  31  73
  3
  47  78  107
  6
  7  73  82  127  176  194
  2
  26  42
  2
  7  165
  7
  8  9  45  83  101  122  163
  5
  21  103  130  132  175
  8
  4  19  41  44  59  77  109  159
  2
  33  160
  2
  58  158
  4
  69  78  89  189
  5
  25  56  148  181  188
  3
  142  162  169
  8
  9  42  46  68  89  145  162  175
  4
  6  23  53  95
  8
  1  60  73  126  167  174  185  195
  5
  46  55  67  113  170
  5
  30  73  80  110  124
  3
  73  150  162
  6
  22  35  119  132  149  182
  7
  5  9  17  37  142  166  181
  8
  58  66  71  79  86  105  119  150
  8
  4  23  34  54  66  106  166  171
  6
  60  62  141  153  163  195
  4
  6  48  50  200
  6
  48  101  102  112  171  175
  5
  37  70  90  114  162
  8
  28  39  81  106  138  161  167  199
  3
  88  103  191
  4
  70  99  124  160
  6
  7  41  63  102  106  127
  3
  13  96  124
  8
  1  30  43  87  89  138  151  197
  8
  14  24  35  47  95  128  136  188
  4
  29  55  175  191
  6
  6  33  111  113  174  197
  8
  15  20  26  49  59  67  127  198
  7
  50  82  115  125  129  192  195
  2
  75  189
  8
  7  12  69  95  151  168  180  196
  8
  41  71  89  99  104  115  131  142
  2
  165  191
  8
  6  68  87  92  111  125  193  199
  8
  39  41  43  58  62  120  160  162
  7
  1  24  26  72  105  140  197
  3
  82  99  108
  8
  5  8  19  42  78  114  141  166
  7
  33  44  47  74  88  151  189
  8
  39  56  57  72  80  82  91  120
  7
  7  93  97  107  122  141  186
  6
  37  81  88  89  108  168
