  200  200
  2  20  8  14  14  7  20  9  8  20  5  11  3  20  5  12  4  10  5  9  12  11  16  19  19  1  14  4  7  19  10  6  4  15  6  4  19  9  4  7  11  17  3  19  18  5  7  1  2  17  17  10  4  6  15  9  3  6  14  18  14  9  9  16  14  11  6  9  1  17  1  17  7  2  15  16  7  2  14  15  4  17  18  18  17  13  16  2  3  5  7  11  20  1  11  8  20  5  2  18  6  9  3  20  20  14  5  15  2  5  20  11  15  7  17  18  14  3  11  7  9  3  12  20  16  9  17  9  9  4  3  13  17  16  3  11  19  6  20  10  16  18  9  15  13  20  17  17  13  10  14  8  19  16  19  20  13  14  4  15  20  1  10  11  8  16  15  8  16  13  16  1  6  2  9  11  16  16  16  18  6  18  4  17  18  2  9  13  18  11  4  18  9  6  15  16  5  7  2  20
  3
  64  129  152
  3
  148  154  169
  2
  56  181
  2
  11  95
  3
  58  156  158
  3
  58  137  186
  2
  10  70
  4
  80  81  124  154
  4
  61  64  129  186
  4
  22  28  99  121
  2
  130  166
  4
  8  23  143  177
  3
  13  139  188
  3
  116  158  175
  2
  56  200
  2
  78  132
  3
  26  30  47
  3
  14  47  130
  4
  82  87  106  156
  2
  136  172
  3
  14  17  119
  4
  2  29  104  176
  2
  118  140
  2
  78  188
  2
  121  170
  2
  23  158
  2
  107  164
  4
  8  33  155  170
  3
  92  135  172
  2
  57  114
  3
  8  22  189
  3
  25  94  131
  4
  71  76  79  131
  4
  18  41  64  175
  4
  3  10  40  162
  3
  26  75  184
  2
  87  150
  2
  124  167
  4
  66  90  170  199
  4
  35  76  144  157
  2
  64  114
  3
  21  58  194
  4
  83  106  123  187
  2
  31  75
  3
  9  53  196
  3
  52  182  184
  4
  32  37  102  180
  4
  2  40  43  116
  3
  66  68  92
  4
  61  150  170  181
  3
  49  84  160
  4
  49  93  113  169
  3
  9  120  140
  4
  16  100  151  183
  2
  137  159
  4
  52  90  146  173
  3
  31  78  165
  2
  17  169
  2
  162  195
  4
  30  66  139  189
  2
  143  155
  2
  91  95
  2
  29  47
  2
  66  121
  4
  7  11  14  75
  3
  52  170  173
  4
  139  163  184  191
  4
  34  111  158  166
  4
  16  48  86  170
  2
  119  168
  4
  99  157  158  194
  4
  12  88  165  171
  4
  66  73  160  165
  4
  57  166  169  184
  4
  24  149  159  192
  4
  23  58  182  197
  2
  82  147
  4
  13  14  129  186
  4
  61  64  121  160
  4
  42  90  107  174
  2
  50  52
  2
  79  200
  2
  142  162
  3
  67  102  130
  4
  1  27  136  171
  4
  41  69  85  138
  4
  58  63  146  149
  4
  33  54  81  120
  4
  55  86  130  182
  4
  16  59  72  165
  3
  85  92  149
  4
  112  115  158  169
  2
  170  177
  3
  12  36  124
  3
  37  129  175
  2
  102  175
  2
  54  58
  4
  40  95  98  145
  3
  42  48  152
  2
  3  144
  4
  7  112  121  191
  4
  2  35  62  198
  4
  95  101  158  193
  4
  63  115  127  130
  2
  87  179
  2
  115  162
  2
  3  129
  3
  10  88  130
  2
  39  176
  4
  39  58  89  195
  3
  59  126  191
  4
  30  94  187  189
  4
  98  136  165  180
  4
  22  69  89  198
  4
  113  122  137  142
  4
  72  101  190  197
  4
  45  139  169  195
  3
  73  96  173
  2
  68  197
  4
  102  120  138  172
  2
  31  143
  4
  1  101  136  191
  2
  4  41
  2
  48  142
  3
  63  97  162
  2
  108  150
  2
  29  72
  2
  29  196
  3
  39  168  200
  3
  3  60  93
  2
  56  120
  4
  51  68  76  181
  2
  84  85
  2
  95  101
  2
  118  148
  3
  2  64  70
  3
  139  155  176
  2
  6  51
  4
  6  113  174  189
  4
  1  13  21  93
  3
  42  97  176
  3
  3  132  192
  4
  59  160  176  193
  3
  47  68  151
  3
  42  49  96
  3
  10  18  92
  3
  39  114  116
  3
  134  146  161
  4
  66  98  110  187
  3
  129  135  184
  2
  94  173
  3
  10  151  184
  4
  69  88  95  149
  2
  152  173
  4
  18  28  90  193
  3
  63  97  98
  3
  8  27  126
  4
  24  26  28  165
  4
  4  10  51  71
  3
  70  89  111
  2
  58  132
  4
  12  107  132  143
  2
  40  183
  2
  32  154
  2
  43  93
  3
  110  128  147
  4
  5  84  147  157
  3
  53  67  138
  4
  95  96  110  127
  3
  151  176  183
  3
  5  7  97
  4
  49  72  162  170
  3
  133  146  175
  3
  15  50  134
  2
  108  124
  2
  144  189
  4
  60  134  147  172
  4
  29  32  79  171
  4
  96  101  135  153
  4
  23  101  114  146
  3
  22  100  124
  4
  51  63  84  85
  2
  6  123
  3
  70  104  114
  3
  92  170  180
  4
  47  58  132  186
  3
  87  97  166
  3
  127  162  163
  3
  57  63  200
  3
  6  94  154
  2
  50  61
  3
  159  184  196
  4
  6  106  171  185
  2
  15  95
  4
  24  74  77  138
  3
  110  176  189
  2
  59  154
  2
  28  141
  2
  49  165
  4
  16  52  109  139
