  200  200
  2  10  6  10  14  2  4  15  1  16  19  4  6  10  11  18  18  13  11  12  2  2  12  14  1  1  13  13  2  7  6  18  5  15  6  17  16  12  10  13  14  15  10  9  19  13  6  16  19  13  12  18  7  15  18  10  13  17  14  18  3  3  11  7  3  8  2  8  8  8  1  8  12  6  12  7  7  18  3  18  7  20  5  12  16  5  6  6  17  17  2  2  16  11  18  5  7  4  10  17  2  18  2  9  9  1  13  14  11  1  8  3  2  18  19  12  20  15  9  7  5  9  15  3  9  6  16  7  3  2  20  17  13  16  13  17  10  3  8  9  13  3  19  18  18  4  13  19  13  4  10  3  9  1  8  10  4  20  12  14  11  1  9  19  17  4  9  11  2  5  8  18  19  13  2  16  12  4  7  17  12  15  8  12  12  20  14  19  2  20  14  13  19  2  3  14  12  1  1  4
  2
  88  119
  2
  4  149
  2
  84  183
  2
  96  137
  2
  63  187
  2
  128  158
  2
  9  156
  2
  115  157
  2
  124  153
  2
  35  50
  2
  22  23
  2
  8  79
  2
  44  85
  2
  38  189
  2
  7  163
  2
  18  21
  2
  134  149
  2
  30  131
  2
  25  114
  2
  25  76
  2
  62  90
  2
  55  80
  2
  10  29
  2
  97  197
  2
  52  92
  2
  61  93
  2
  24  180
  2
  90  177
  2
  79  144
  2
  40  174
  2
  79  138
  2
  58  72
  2
  38  164
  2
  48  107
  2
  86  169
  2
  96  135
  2
  73  145
  2
  64  135
  2
  133  148
  2
  9  109
  2
  150  174
  2
  84  126
  2
  118  189
  2
  44  145
  2
  12  107
  2
  16  177
  2
  58  169
  2
  10  28
  2
  108  140
  2
  50  68
  2
  89  110
  2
  34  82
  2
  97  127
  2
  43  96
  2
  4  83
  2
  160  165
  2
  18  143
  2
  117  188
  2
  38  66
  2
  134  167
  2
  36  149
  2
  80  176
  2
  59  84
  2
  138  152
  2
  87  138
  2
  113  122
  2
  8  161
  2
  9  172
  2
  59  159
  2
  79  200
  2
  174  183
  2
  108  117
  2
  59  88
  2
  139  187
  2
  42  90
  2
  40  124
  2
  62  193
  2
  100  164
  2
  12  176
  2
  67  112
  2
  142  151
  2
  55  62
  2
  41  101
  2
  110  188
  2
  20  57
  2
  167  182
  2
  148  180
  2
  19  182
  2
  64  133
  2
  1  155
  2
  44  156
  2
  31  63
  2
  51  118
  2
  63  193
  2
  126  149
  2
  150  176
  2
  8  96
  2
  185  199
  2
  9  146
  2
  104  157
  2
  125  128
  2
  10  60
  2
  190  195
  2
  60  176
  2
  51  197
  2
  3  165
  2
  88  136
  2
  97  101
  2
  36  46
  2
  27  30
  2
  68  88
  2
  89  113
  2
  22  78
  2
  105  186
  2
  10  68
  2
  95  99
  2
  11  150
  2
  82  193
  2
  19  101
  2
  2  191
  2
  42  104
  2
  109  199
  2
  49  88
  2
  27  147
  2
  2  92
  2
  13  36
  2
  177  194
  2
  14  89
  2
  116  163
  2
  43  136
  2
  9  36
  2
  6  158
  2
  84  166
  2
  12  147
  2
  152  176
  2
  85  114
  2
  33  85
  2
  61  148
  2
  157  163
  2
  9  115
  2
  27  145
  2
  76  121
  2
  112  161
  2
  120  139
  2
  158  169
  2
  44  147
  2
  3  62
  2
  4  129
  2
  79  151
  2
  11  192
  2
  153  186
  2
  8  142
  2
  27  149
  2
  17  91
  2
  85  98
  2
  125  127
  2
  29  105
  2
  88  128
  2
  16  101
  2
  9  121
  2
  116  159
  2
  24  193
  2
  67  170
  2
  118  140
  2
  23  32
  2
  62  136
  2
  7  105
  2
  81  176
  2
  20  106
  2
  80  161
  2
  122  176
  2
  146  179
  2
  54  86
  2
  37  180
  2
  6  67
  2
  66  164
  2
  112  148
  2
  132  175
  2
  164  198
  2
  49  144
  2
  39  117
  2
  2  15
  2
  51  111
  2
  103  172
  2
  49  84
  2
  185  187
  2
  73  146
  2
  27  77
  2
  182  190
  2
  48  188
  2
  94  143
  2
  53  152
  2
  18  48
  2
  37  55
  2
  67  92
  2
  46  167
  2
  105  167
  2
  3  184
  2
  55  110
  2
  61  192
