  200  200
  1  1  1  1  1  1  1  1  1  1  1  1  1  1  1  1  1  1  1  1  1  1  1  1  1  1  1  1  1  1  1  1  1  1  1  1  1  1  1  1  1  1  1  1  1  1  1  1  1  1  1  1  1  1  1  1  1  1  1  1  1  1  1  1  1  1  1  1  1  1  1  1  1  1  1  1  1  1  1  1  1  1  1  1  1  1  1  1  1  1  1  1  1  1  1  1  1  1  1  1  1  1  1  1  1  1  1  1  1  1  1  1  1  1  1  1  1  1  1  1  1  1  1  1  1  1  1  1  1  1  1  1  1  1  1  1  1  1  1  1  1  1  1  1  1  1  1  1  1  1  1  1  1  1  1  1  1  1  1  1  1  1  1  1  1  1  1  1  1  1  1  1  1  1  1  1  1  1  1  1  1  1  1  1  1  1  1  1  1  1  1  1  1  1  1  1  1  1  1  1
  2
  28  42
  3
  24  60  140
  4
  37  128  145  182
  4
  4  53  134  174
  3
  84  98  129
  3
  109  114  152
  2
  19  168
  2
  119  174
  4
  1  33  36  127
  3
  5  79  127
  3
  57  83  92
  3
  32  105  134
  2
  123  164
  3
  55  161  169
  3
  14  35  175
  4
  48  78  103  134
  3
  69  85  113
  2
  3  29
  2
  39  117
  2
  1  152
  2
  34  135
  4
  34  74  86  143
  2
  119  183
  3
  5  129  196
  2
  3  47
  2
  22  173
  4
  7  95  121  200
  4
  19  51  161  163
  2
  36  86
  2
  39  117
  3
  164  185  195
  2
  99  115
  4
  73  109  169  177
  2
  35  133
  3
  68  92  160
  4
  7  38  54  96
  4
  58  84  105  166
  2
  27  148
  4
  39  42  49  133
  4
  4  6  107  143
  4
  26  53  59  174
  2
  24  167
  4
  30  91  105  156
  4
  24  38  109  198
  2
  125  151
  2
  168  187
  4
  57  113  146  164
  4
  12  16  152  172
  4
  6  25  59  187
  3
  43  97  169
  3
  24  33  88
  3
  32  72  191
  4
  4  62  150  197
  4
  34  158  162  190
  3
  38  43  64
  2
  35  183
  4
  22  130  143  176
  3
  100  106  169
  3
  7  22  193
  2
  60  97
  2
  5  150
  2
  35  94
  3
  10  52  75
  3
  63  99  105
  3
  11  31  155
  4
  17  139  169  171
  4
  78  81  135  139
  2
  126  146
  4
  40  89  116  117
  2
  130  137
  3
  78  142  162
  3
  108  142  147
  3
  68  117  165
  3
  23  39  200
  2
  65  112
  3
  28  139  187
  4
  16  33  65  184
  2
  23  66
  3
  70  132  137
  4
  36  47  98  113
  2
  7  196
  4
  49  56  102  179
  2
  11  73
  2
  39  176
  3
  2  143  144
  4
  8  20  23  160
  3
  131  144  167
  4
  15  17  45  72
  2
  99  146
  2
  36  192
  4
  1  39  156  164
  4
  5  11  54  87
  3
  74  119  162
  3
  71  159  163
  2
  51  81
  3
  75  108  116
  2
  59  126
  4
  23  41  127  194
  3
  26  36  111
  3
  10  85  121
  4
  49  80  126  191
  4
  2  35  64  181
  3
  30  104  156
  4
  33  123  131  196
  4
  26  96  115  188
  4
  67  112  144  159
  4
  24  32  143  192
  2
  27  84
  3
  30  67  158
  2
  75  117
  4
  130  141  154  186
  4
  69  89  161  179
  4
  33  43  130  157
  3
  18  23  100
  2
  102  113
  4
  84  152  173  188
  2
  63  145
  3
  89  98  186
  3
  6  90  178
  3
  27  98  155
  2
  79  137
  4
  12  16  147  168
  3
  94  164  200
  4
  24  98  132  161
  3
  23  58  167
  3
  94  122  150
  4
  15  27  38  47
  4
  54  84  112  139
  4
  38  80  97  103
  4
  66  109  111  130
  3
  109  130  157
  4
  32  97  143  182
  2
  86  113
  2
  81  151
  4
  14  40  67  131
  3
  7  62  132
  2
  19  62
  2
  111  141
  2
  109  137
  2
  122  191
  3
  32  83  141
  2
  51  56
  4
  80  107  110  160
  2
  82  182
  3
  78  125  161
  2
  79  178
  3
  61  85  99
  4
  87  147  164  185
  3
  48  63  92
  4
  86  135  160  175
  4
  45  110  151  155
  2
  6  97
  3
  89  95  190
  3
  66  75  170
  4
  58  85  99  136
  4
  36  66  89  139
  2
  72  137
  4
  12  15  85  93
  3
  127  148  188
  2
  15  59
  4
  96  107  136  158
  2
  20  75
  2
  16  178
  2
  70  118
  3
  46  60  192
  3
  102  114  195
  4
  2  34  68  78
  2
  143  185
  3
  14  47  186
  2
  174  189
  3
  63  165  192
  3
  37  51  163
  4
  92  147  159  175
  4
  40  45  129  137
  2
  112  140
  2
  75  129
  3
  13  18  64
  2
  5  89
  3
  9  126  189
  2
  46  65
  3
  9  79  97
  2
  10  108
  2
  86  183
  2
  30  91
  2
  33  167
  4
  27  54  68  108
  4
  28  117  143  162
  2
  59  74
  3
  41  76  99
  3
  36  77  118
  4
  13  30  80  151
  3
  72  112  143
  3
  4  139  147
  2
  31  170
  3
  69  154  172
  4
  22  37  105  114
  2
  20  152
  2
  7  170
  4
  16  83  142  170
  3
  33  71  130
