  200  200
  1  1  1  1  1  1  1  1  1  1  1  1  1  1  1  1  1  1  1  1  1  1  1  1  1  1  1  1  1  1  1  1  1  1  1  1  1  1  1  1  1  1  1  1  1  1  1  1  1  1  1  1  1  1  1  1  1  1  1  1  1  1  1  1  1  1  1  1  1  1  1  1  1  1  1  1  1  1  1  1  1  1  1  1  1  1  1  1  1  1  1  1  1  1  1  1  1  1  1  1  1  1  1  1  1  1  1  1  1  1  1  1  1  1  1  1  1  1  1  1  1  1  1  1  1  1  1  1  1  1  1  1  1  1  1  1  1  1  1  1  1  1  1  1  1  1  1  1  1  1  1  1  1  1  1  1  1  1  1  1  1  1  1  1  1  1  1  1  1  1  1  1  1  1  1  1  1  1  1  1  1  1  1  1  1  1  1  1  1  1  1  1  1  1  1  1  1  1  1  1
  2
  34  115
  2
  128  129
  2
  79  142
  2
  87  135
  2
  66  170
  2
  182  186
  2
  74  129
  2
  149  179
  2
  57  74
  2
  89  199
  2
  66  139
  2
  139  185
  2
  81  83
  2
  36  196
  2
  34  155
  2
  115  130
  2
  26  67
  2
  2  80
  2
  49  133
  2
  118  134
  2
  149  175
  2
  39  107
  2
  100  189
  2
  22  174
  2
  70  133
  2
  94  153
  2
  66  196
  2
  12  75
  2
  86  166
  2
  42  151
  2
  19  183
  2
  13  180
  2
  122  173
  2
  11  35
  2
  48  121
  2
  9  196
  2
  8  30
  2
  64  119
  2
  51  64
  2
  62  121
  2
  96  147
  2
  67  178
  2
  73  121
  2
  115  126
  2
  39  98
  2
  16  126
  2
  68  72
  2
  58  137
  2
  5  168
  2
  49  109
  2
  62  106
  2
  81  191
  2
  107  187
  2
  19  184
  2
  71  79
  2
  17  83
  2
  134  177
  2
  112  165
  2
  16  190
  2
  38  54
  2
  11  101
  2
  21  118
  2
  6  148
  2
  9  181
  2
  34  85
  2
  14  51
  2
  115  163
  2
  14  114
  2
  71  141
  2
  25  68
  2
  94  111
  2
  101  179
  2
  93  99
  2
  47  123
  2
  23  98
  2
  138  173
  2
  74  101
  2
  59  144
  2
  115  133
  2
  16  69
  2
  128  138
  2
  18  23
  2
  105  133
  2
  52  107
  2
  26  147
  2
  145  160
  2
  2  149
  2
  62  131
  2
  79  87
  2
  116  164
  2
  51  127
  2
  90  159
  2
  126  151
  2
  105  190
  2
  73  167
  2
  91  100
  2
  57  63
  2
  6  111
  2
  34  120
  2
  1  52
  2
  26  197
  2
  7  34
  2
  7  65
  2
  14  68
  2
  77  87
  2
  61  110
  2
  138  196
  2
  140  150
  2
  83  176
  2
  132  188
  2
  44  164
  2
  11  157
  2
  7  107
  2
  59  78
  2
  31  75
  2
  18  167
  2
  129  173
  2
  55  186
  2
  170  189
  2
  70  165
  2
  62  70
  2
  9  102
  2
  24  188
  2
  55  111
  2
  66  85
  2
  82  184
  2
  100  154
  2
  43  197
  2
  38  156
  2
  10  62
  2
  116  122
  2
  80  180
  2
  134  171
  2
  50  76
  2
  12  36
  2
  92  170
  2
  67  167
  2
  47  96
  2
  114  129
  2
  24  185
  2
  2  154
  2
  11  149
  2
  45  83
  2
  56  194
  2
  14  162
  2
  154  156
  2
  67  148
  2
  154  198
  2
  53  95
  2
  6  189
  2
  75  166
  2
  92  125
  2
  49  135
  2
  10  57
  2
  17  132
  2
  113  116
  2
  55  78
  2
  69  100
  2
  119  157
  2
  62  144
  2
  25  98
  2
  109  148
  2
  79  107
  2
  9  99
  2
  10  181
  2
  14  82
  2
  17  65
  2
  102  181
  2
  80  174
  2
  63  91
  2
  58  193
  2
  61  62
  2
  7  75
  2
  78  165
  2
  28  143
  2
  62  118
  2
  14  163
  2
  53  192
  2
  5  41
  2
  154  163
  2
  139  182
  2
  29  189
  2
  34  57
  2
  4  61
  2
  13  187
  2
  94  105
  2
  18  196
  2
  176  184
  2
  85  96
  2
  42  57
  2
  2  168
  2
  168  196
  2
  120  151
  2
  88  145
  2
  56  158
  2
  20  127
  2
  58  158
  2
  52  169
  2
  85  195
  2
  29  101
