  500  500
  1  1  1  1  1  1  1  1  1  1  1  1  1  1  1  1  1  1  1  1  1  1  1  1  1  1  1  1  1  1  1  1  1  1  1  1  1  1  1  1  1  1  1  1  1  1  1  1  1  1  1  1  1  1  1  1  1  1  1  1  1  1  1  1  1  1  1  1  1  1  1  1  1  1  1  1  1  1  1  1  1  1  1  1  1  1  1  1  1  1  1  1  1  1  1  1  1  1  1  1  1  1  1  1  1  1  1  1  1  1  1  1  1  1  1  1  1  1  1  1  1  1  1  1  1  1  1  1  1  1  1  1  1  1  1  1  1  1  1  1  1  1  1  1  1  1  1  1  1  1  1  1  1  1  1  1  1  1  1  1  1  1  1  1  1  1  1  1  1  1  1  1  1  1  1  1  1  1  1  1  1  1  1  1  1  1  1  1  1  1  1  1  1  1  1  1  1  1  1  1  1  1  1  1  1  1  1  1  1  1  1  1  1  1  1  1  1  1  1  1  1  1  1  1  1  1  1  1  1  1  1  1  1  1  1  1  1  1  1  1  1  1  1  1  1  1  1  1  1  1  1  1  1  1  1  1  1  1  1  1  1  1  1  1  1  1  1  1  1  1  1  1  1  1  1  1  1  1  1  1  1  1  1  1  1  1  1  1  1  1  1  1  1  1  1  1  1  1  1  1  1  1  1  1  1  1  1  1  1  1  1  1  1  1  1  1  1  1  1  1  1  1  1  1  1  1  1  1  1  1  1  1  1  1  1  1  1  1  1  1  1  1  1  1  1  1  1  1  1  1  1  1  1  1  1  1  1  1  1  1  1  1  1  1  1  1  1  1  1  1  1  1  1  1  1  1  1  1  1  1  1  1  1  1  1  1  1  1  1  1  1  1  1  1  1  1  1  1  1  1  1  1  1  1  1  1  1  1  1  1  1  1  1  1  1  1  1  1  1  1  1  1  1  1  1  1  1  1  1  1  1  1  1  1  1  1  1  1  1  1  1  1  1  1  1  1  1  1  1  1  1  1  1  1  1  1  1  1  1  1  1  1  1  1  1  1  1  1  1  1  1  1  1  1  1  1  1  1  1  1  1  1  1  1  1  1  1  1  1  1  1  1  1  1  1  1  1  1  1  1
  2
  58  256
  3
  80  144  171
  4
  27  84  251  377
  2
  235  472
  2
  361  429
  3
  13  162  499
  3
  83  234  416
  2
  239  412
  2
  265  480
  3
  2  309  369
  5
  27  236  302  359  491
  2
  76  441
  3
  128  351  495
  5
  58  152  255  363  458
  5
  4  392  446  467  487
  2
  50  273
  3
  205  344  468
  5
  96  128  192  250  305
  2
  81  179
  5
  21  61  160  331  418
  2
  204  288
  4
  86  110  133  493
  3
  83  399  463
  3
  150  284  489
  5
  11  205  347  443  484
  4
  5  51  89  444
  3
  23  294  314
  3
  175  388  425
  4
  29  210  397  472
  2
  296  422
  2
  287  477
  3
  159  227  464
  3
  25  194  227
  2
  191  214
  3
  117  354  415
  5
  155  190  238  451  459
  4
  23  309  336  398
  4
  99  231  385  471
  2
  16  204
  2
  164  230
  4
  141  231  239  446
  5
  33  261  325  341  500
  3
  13  109  345
  3
  220  223  490
  4
  214  277  312  454
  3
  53  288  417
  4
  32  35  77  96
  2
  191  322
  4
  66  239  388  494
  4
  103  229  360  456
  2
  335  412
  4
  42  82  178  286
  4
  10  360  400  450
  3
  34  108  460
  2
  415  429
  5
  84  128  205  341  368
  3
  120  165  394
  5
  29  96  111  133  217
  2
  36  202
  4
  2  206  291  348
  5
  1  77  127  276  300
  2
  92  333
  5
  231  261  396  410  490
  5
  44  99  198  332  345
  3
  82  139  296
  4
  184  203  411  446
  2
  178  482
  3
  13  165  381
  4
  174  436  468  470
  5
  82  194  286  349  360
  3
  67  75  500
  4
  48  249  279  376
  3
  119  178  431
  3
  179  304  388
  5
  83  200  358  392  394
  3
  124  275  316
  4
  48  166  218  477
  5
  255  272  281  312  383
  5
  138  160  194  359  397
  2
  120  378
  3
  166  365  381
  4
  109  118  257  435
  3
  100  116  254
  2
  107  243
  3
  19  343  344
  3
  43  122  451
  3
  11  27  303
  3
  122  172  456
  3
  154  220  362
  4
  23  33  106  185
  5
  140  265  307  360  497
  5
  140  222  317  449  490
  4
  83  236  312  394
  3
  70  216  472
  2
  36  423
  3
  14  175  327
  5
  81  153  266  385  470
  2
  352  460
  5
  107  207  296  367  488
  3
  161  162  292
  5
  42  111  129  304  399
  4
  111  251  312  420
  2
  299  330
  5
  26  189  344  459  484
  5
  5  106  253  368  397
  3
  292  348  454
  2
  164  406
  4
  82  170  262  354
  4
  125  240  258  457
  5
  33  88  203  224  469
  2
  284  374
  2
  278  348
  5
  35  68  110  297  487
  4
  16  37  52  444
  2
  259  331
  3
  68  145  274
  4
  72  340  386  461
  2
  156  347
  2
  190  305
  5
  20  77  120  130  475
  2
  326  365
  3
  267  416  460
  5
  326  350  408  417  421
  3
  56  66  198
  3
  51  404  435
  4
  80  294  321  462
  5
  13  26  118  482  494
  3
  170  352  462
  5
  97  137  186  262  314
  5
  220  286  348  364  413
  5
  19  113  153  341  434
  3
  34  296  496
  2
  156  409
  4
  21  89  146  365
  5
  89  167  180  460  485
  2
  9  34
  4
  128  223  269  370
  5
  5  116  278  372  459
  5
  77  228  237  248  485
  3
  239  249  311
  3
  74  208  221
  2
  404  433
  4
  59  205  346  379
  2
  18  407
  3
  32  219  225
  5
  10  194  202  376  421
  5
  181  240  292  336  471
  4
  35  130  207  400
  5
  20  178  185  229  300
  4
  37  99  114  239
  2
  189  307
  3
  316  371  486
  4
  12  59  103  151
  5
  242  285  329  377  498
  2
  88  375
  2
  240  369
  4
  1  176  396  406
  5
  4  41  177  230  347
  2
  143  220
  5
  127  173  205  320  463
  2
  218  339
  3
  93  197  467
  4
  102  115  342  377
  3
  43  73  227
  2
  303  437
  3
  68  92  262
  4
  207  232  359  462
  2
  290  421
  3
  120  308  410
  2
  335  351
  2
  96  371
  2
  136  315
  3
  333  354  384
  5
  92  114  242  398  438
  2
  163  488
  3
  104  189  227
  2
  305  373
  3
  71  112  307
  2
  385  442
  3
  159  190  254
  2
  51  216
  5
  20  27  82  305  442
  4
  208  220  270  475
  3
  88  326  490
  5
  44  122  208  276  430
  4
  19  171  329  414
  3
  358  401  448
  2
  80  268
  4
  9  42  107  184
  2
  230  232
  3
  39  132  267
  5
  13  40  128  348  460
  5
  108  202  239  341  488
  4
  87  320  387  408
  2
  8  207
  4
  66  125  163  371
  5
  77  118  383  392  493
  4
  15  84  280  414
  3
  236  266  495
  4
  108  173  335  433
  3
  290  425  469
  4
  22  132  154  441
  5
  101  265  284  314  346
  4
  173  295  297  401
  4
  101  219  293  383
  2
  181  278
  3
  280  315  463
  3
  101  306  355
  5
  61  194  276  338  344
  5
  140  251  342  366  455
  4
  141  202  444  500
  5
  29  66  148  211  446
  5
  98  133  178  188  276
  5
  23  58  241  342  362
  2
  295  441
  4
  116  253  278  469
  4
  180  238  299  308
  5
  26  55  92  277  396
  2
  150  218
  3
  32  248  466
  5
  46  82  378  479  482
  5
  16  47  70  343  458
  3
  97  416  441
  5
  20  56  139  236  472
  5
  31  96  314  460  480
  2
  120  330
  3
  33  226  251
  4
  44  220  345  388
  4
  65  90  185  320
  2
  389  427
  4
  71  134  137  189
  3
  148  172  473
  5
  3  226  252  290  459
  5
  64  206  409  464  484
  4
  117  134  242  496
  3
  46  220  236
  2
  271  416
  4
  5  17  178  230
  5
  151  198  220  319  380
  5
  155  167  168  203  222
  4
  234  266  267  430
  2
  128  454
  2
  210  289
  3
  127  210  257
  4
  59  300  331  357
  4
  143  144  272  300
  3
  148  253  286
  3
  22  125  390
  4
  28  199  218  331
  4
  41  264  375  442
  4
  69  330  433  454
  3
  76  176  319
  2
  271  485
  2
  320  393
  5
  79  263  398  475  482
  2
  139  445
  5
  20  234  255  277  466
  3
  18  75  316
  2
  60  145
  3
  198  298  371
  5
  53  193  414  425  483
  5
  3  115  180  230  256
  5
  105  202  381  404  428
  4
  17  382  405  470
  3
  10  206  361
  3
  37  76  356
  5
  288  305  317  378  403
  3
  13  60  473
  2
  114  278
  5
  5  75  189  247  358
  5
  92  124  199  308  455
  5
  165  175  246  257  396
  2
  145  236
  4
  97  179  352  379
  5
  102  239  290  387  438
  3
  52  187  243
  5
  5  15  331  387  462
  2
  101  356
  2
  80  255
  5
  315  332  350  397  430
  3
  16  209  236
  4
  85  326  447  484
  3
  92  441  450
  3
  224  256  318
  4
  138  233  267  374
  4
  106  350  422  448
  2
  348  495
  5
  27  241  357  468  485
  4
  70  316  424  437
  2
  211  420
  5
  41  111  158  183  428
  2
  47  69
  3
  250  463  469
  5
  32  44  94  196  339
  2
  373  405
  3
  220  320  344
  2
  53  373
  4
  322  324  388  495
  2
  220  390
  4
  20  36  171  449
  4
  154  336  360  390
  5
  76  101  226  404  426
  2
  65  495
  4
  14  141  353  490
  3
  19  135  144
  3
  218  349  436
  3
  193  272  496
  5
  63  98  345  355  356
  4
  115  202  273  375
  2
  226  238
  2
  232  343
  5
  5  106  181  375  383
  4
  1  4  62  117
  4
  239  270  326  405
  2
  93  297
  4
  41  59  352  497
  5
  28  43  44  293  411
  4
  364  384  389  477
  3
  271  286  453
  2
  113  321
  5
  61  235  352  413  428
  5
  139  232  260  273  432
  2
  363  376
  5
  3  58  149  436  467
  3
  317  454  467
  2
  379  408
  4
  89  127  280  293
  2
  30  250
  3
  163  255  345
  3
  57  172  409
  5
  38  132  185  264  384
  5
  25  36  56  399  446
  3
  49  321  367
  3
  1  373  401
  5
  117  301  338  405  461
  4
  3  27  188  442
  3
  73  89  432
  5
  21  106  221  467  478
  4
  184  258  273  499
  2
  43  365
  3
  35  66  486
  3
  227  247  340
  3
  94  179  237
  5
  67  116  274  296  339
  2
  262  272
  3
  172  382  399
  5
  98  272  297  400  490
  5
  341  375  407  412  473
  3
  22  324  382
  2
  80  172
  2
  266  460
  4
  118  185  236  267
  4
  21  76  115  441
  4
  26  223  354  491
  4
  210  281  320  412
  3
  248  435  475
  3
  209  240  477
  4
  37  149  288  321
  5
  134  179  188  190  346
  2
  233  443
  2
  224  393
  3
  10  30  150
  5
  36  123  196  260  452
  5
  16  191  271  287  491
  5
  230  250  322  360  368
  2
  158  361
  5
  99  148  188  268  444
  2
  159  400
  3
  97  106  418
  5
  82  107  171  342  423
  4
  52  151  165  319
  2
  168  438
  2
  150  191
  2
  183  217
  3
  40  287  375
  3
  51  170  388
  2
  73  312
  3
  147  256  348
  4
  19  129  337  468
  2
  152  421
  4
  106  143  244  341
  2
  297  476
  3
  164  218  249
  5
  1  221  372  409  474
  5
  48  212  248  477  485
  5
  28  120  174  250  269
  3
  264  299  479
  2
  91  449
  4
  195  220  230  392
  4
  25  237  240  435
  3
  37  141  164
  4
  155  156  159  256
  5
  80  94  193  324  427
  2
  358  398
  4
  24  121  302  379
  5
  23  115  160  206  470
  3
  118  130  170
  4
  28  123  226  369
  4
  62  190  262  497
  2
  66  315
  2
  10  69
  3
  24  148  347
  3
  108  284  295
  4
  12  174  235  380
  5
  14  170  279  385  411
  2
  291  301
  5
  66  254  289  420  460
  2
  205  268
  5
  21  227  238  437  469
  4
  114  118  146  350
  2
  320  423
  2
  243  313
  3
  60  101  387
  2
  53  99
  2
  145  489
  5
  75  146  188  287  439
  5
  28  48  163  338  389
  2
  26  354
  3
  23  186  291
  3
  356  377  387
  3
  35  322  399
  3
  103  160  275
  4
  94  299  386  390
  4
  44  117  212  418
  3
  238  248  454
  4
  81  123  208  476
  4
  102  173  312  451
  3
  272  342  383
  4
  239  245  376  441
  5
  127  306  324  363  422
  4
  216  257  262  290
  4
  272  321  332  423
  5
  8  96  206  267  317
  4
  9  40  125  384
  4
  106  334  377  477
  4
  32  279  378  455
  3
  125  279  460
  4
  73  76  166  412
  2
  24  372
  2
  263  282
  3
  12  70  189
  5
  37  147  367  457  483
  5
  120  275  298  321  487
  5
  51  147  273  361  411
  4
  354  355  384  430
  4
  62  104  299  376
  4
  322  347  376  488
  5
  50  56  105  252  470
  5
  4  7  68  258  283
  3
  137  373  481
  5
  212  274  355  375  451
  5
  65  103  449  454  467
  2
  146  367
  3
  261  313  329
  3
  99  111  254
  3
  116  399  403
  4
  109  160  396  401
  5
  288  317  331  339  362
  4
  130  134  440  488
  5
  28  87  271  449  476
  3
  170  195  317
  2
  65  168
  5
  7  10  108  381  470
  4
  69  94  368  455
  5
  32  143  196  214  417
  3
  206  261  393
  2
  48  448
  2
  23  500
  2
  125  301
  3
  27  47  90
  4
  7  89  190  380
  4
  44  417  426  474
  5
  37  146  172  239  448
  5
  1  9  317  422  465
  3
  89  298  335
  2
  126  145
  3
  156  232  444
  3
  59  158  182
  2
  33  71
  2
  178  233
  5
  66  128  354  378  500
  2
  221  453
  2
  448  455
  5
  96  155  314  433  489
  3
  1  35  292
  2
  13  127
  4
  74  405  417  433
  2
  326  434
  3
  34  128  451
  2
  232  336
  5
  90  101  124  152  353
  2
  172  374
  3
  326  366  481
  5
  29  85  135  338  369
  5
  84  138  161  256  276
  4
  61  91  274  383
  2
  459  500
  5
  63  75  87  100  316
  3
  24  58  291
  2
  102  434
