  2500  500
  1  1  1  1  1  1  1  1  1  1  1  1  1  1  1  1  1  1  1  1  1  1  1  1  1  1  1  1  1  1  1  1  1  1  1  1  1  1  1  1  1  1  1  1  1  1  1  1  1  1  1  1  1  1  1  1  1  1  1  1  1  1  1  1  1  1  1  1  1  1  1  1  1  1  1  1  1  1  1  1  1  1  1  1  1  1  1  1  1  1  1  1  1  1  1  1  1  1  1  1  1  1  1  1  1  1  1  1  1  1  1  1  1  1  1  1  1  1  1  1  1  1  1  1  1  1  1  1  1  1  1  1  1  1  1  1  1  1  1  1  1  1  1  1  1  1  1  1  1  1  1  1  1  1  1  1  1  1  1  1  1  1  1  1  1  1  1  1  1  1  1  1  1  1  1  1  1  1  1  1  1  1  1  1  1  1  1  1  1  1  1  1  1  1  1  1  1  1  1  1  1  1  1  1  1  1  1  1  1  1  1  1  1  1  1  1  1  1  1  1  1  1  1  1  1  1  1  1  1  1  1  1  1  1  1  1  1  1  1  1  1  1  1  1  1  1  1  1  1  1  1  1  1  1  1  1  1  1  1  1  1  1  1  1  1  1  1  1  1  1  1  1  1  1  1  1  1  1  1  1  1  1  1  1  1  1  1  1  1  1  1  1  1  1  1  1  1  1  1  1  1  1  1  1  1  1  1  1  1  1  1  1  1  1  1  1  1  1  1  1  1  1  1  1  1  1  1  1  1  1  1  1  1  1  1  1  1  1  1  1  1  1  1  1  1  1  1  1  1  1  1  1  1  1  1  1  1  1  1  1  1  1  1  1  1  1  1  1  1  1  1  1  1  1  1  1  1  1  1  1  1  1  1  1  1  1  1  1  1  1  1  1  1  1  1  1  1  1  1  1  1  1  1  1  1  1  1  1  1  1  1  1  1  1  1  1  1  1  1  1  1  1  1  1  1  1  1  1  1  1  1  1  1  1  1  1  1  1  1  1  1  1  1  1  1  1  1  1  1  1  1  1  1  1  1  1  1  1  1  1  1  1  1  1  1  1  1  1  1  1  1  1  1  1  1  1  1  1  1  1  1  1  1  1  1  1  1  1  1  1  1  1  1  1  1  1  1  1  1  1
  3
  262  348  352
  3
  49  75  483
  3
  193  203  332
  5
  98  242  253  296  416
  4
  98  402  436  493
  4
  103  226  351  437
  5
  72  241  334  400  473
  2
  40  329
  4
  102  114  368  399
  3
  196  320  491
  2
  315  377
  5
  37  99  179  372  497
  5
  66  73  110  151  493
  5
  50  108  315  363  423
  3
  123  286  313
  2
  307  317
  2
  267  345
  3
  132  161  436
  4
  39  86  298  356
  4
  59  124  442  448
  4
  151  195  287  431
  3
  252  307  317
  2
  248  352
  5
  69  88  174  256  320
  2
  20  452
  4
  66  194  237  354
  4
  98  220  371  380
  5
  35  36  113  324  377
  3
  80  386  439
  3
  401  429  491
  2
  114  280
  4
  129  158  372  416
  3
  249  287  459
  2
  331  480
  4
  156  200  265  304
  3
  48  315  408
  4
  284  359  430  449
  3
  311  348  467
  4
  35  274  366  495
  2
  194  390
  3
  204  308  310
  5
  174  293  315  462  486
  3
  63  112  138
  3
  2  30  187
  2
  254  443
  4
  148  334  442  472
  5
  14  102  191  302  348
  5
  6  38  66  383  419
  2
  153  348
  3
  288  292  321
  5
  16  96  132  172  449
  5
  90  154  155  266  310
  4
  386  396  397  465
  3
  12  391  468
  5
  95  213  235  299  413
  5
  164  181  199  277  343
  2
  388  499
  4
  85  118  175  384
  2
  422  479
  4
  14  109  252  392
  4
  170  208  225  227
  2
  232  367
  2
  87  416
  2
  256  467
  3
  12  217  350
  3
  155  266  500
  4
  127  241  245  303
  5
  34  198  295  297  438
  3
  88  320  361
  5
  2  256  354  391  397
  3
  57  87  417
  5
  16  175  261  405  480
  5
  315  399  414  452  478
  2
  150  483
  5
  49  188  197  304  370
  2
  140  272
  2
  52  367
  5
  45  85  188  365  397
  4
  35  153  416  473
  5
  84  97  246  309  405
  5
  63  279  391  431  474
  4
  53  91  346  419
  5
  133  135  159  206  212
  4
  72  106  162  382
  2
  322  478
  3
  27  372  413
  3
  93  157  313
  5
  60  104  138  221  250
  2
  46  215
  3
  100  423  473
  3
  105  208  353
  5
  163  182  291  394  490
  2
  291  378
  2
  268  426
  2
  85  408
  4
  90  108  317  420
  2
  108  362
  3
  195  209  341
  3
  101  163  171
  2
  137  492
  4
  270  317  324  426
  4
  33  38  232  240
  3
  114  266  414
  5
  65  88  213  414  451
  4
  113  220  239  377
  5
  38  127  227  433  490
  3
  141  243  437
  3
  19  51  192
  2
  368  499
  4
  136  294  385  448
  5
  108  198  258  344  439
  2
  154  241
  5
  112  149  305  341  462
  4
  79  161  443  457
  3
  87  283  470
  3
  37  116  272
  5
  172  193  197  227  438
  4
  80  236  276  379
  5
  150  303  324  377  443
  3
  303  436  468
  5
  105  224  355  472  491
  3
  111  207  372
  5
  127  207  373  443  483
  4
  265  329  331  458
  4
  215  246  305  456
  3
  195  280  416
  2
  262  334
  3
  192  303  500
  4
  207  243  319  355
  3
  151  190  395
  3
  55  117  225
  2
  21  71
  5
  194  237  395  421  425
  2
  125  427
  3
  123  170  197
  4
  200  229  268  405
  4
  8  100  198  444
  5
  42  144  240  254  358
  4
  97  124  208  377
  4
  43  71  248  360
  3
  146  404  417
  5
  175  182  236  319  395
  4
  25  168  345  488
  3
  62  234  460
  4
  201  263  326  410
  3
  155  318  390
  5
  164  250  380  482  490
  4
  20  65  209  423
  4
  135  178  208  216
  3
  170  453  471
  5
  92  103  219  440  470
  3
  290  369  489
  5
  52  61  313  359  404
  5
  54  101  231  294  460
  4
  127  150  328  500
  2
  224  499
  3
  32  133  347
  4
  69  282  339  482
  2
  265  301
  5
  6  30  152  359  366
  4
  245  301  398  452
  3
  308  326  392
  5
  120  277  302  382  472
  5
  91  104  116  227  416
  3
  329  331  377
  4
  93  106  128  253
  3
  47  68  327
  3
  149  208  494
  5
  13  52  55  284  460
  5
  1  36  234  294  338
  2
  125  362
  4
  12  59  360  371
  3
  30  261  355
  2
  30  199
  5
  38  61  173  218  244
  5
  104  288  294  320  345
  3
  26  334  335
  4
  101  245  327  457
  2
  139  207
  3
  17  168  184
  5
  84  95  215  243  411
  5
  29  98  303  342  442
  2
  28  123
  3
  195  296  456
  2
  378  402
  5
  6  162  184  273  294
  3
  46  303  321
  5
  5  90  130  144  268
  4
  95  275  278  358
  4
  84  223  357  452
  3
  47  225  351
  2
  124  126
  5
  112  249  409  454  486
  3
  206  241  372
  3
  96  125  470
  4
  164  231  302  329
  2
  65  150
  3
  117  121  364
  5
  41  113  143  336  496
  4
  106  308  380  391
  5
  71  132  242  291  320
  3
  313  422  486
  3
  60  100  114
  4
  157  288  296  392
  2
  224  409
  2
  487  499
  5
  89  381  402  413  482
  3
  224  358  430
  4
  13  150  218  328
  2
  173  347
  5
  133  236  275  280  377
  4
  42  230  449  493
  2
  62  112
  3
  197  219  272
  5
  41  179  218  334  472
  2
  116  244
  5
  110  150  195  315  470
  5
  1  15  91  116  496
  4
  11  41  154  405
  2
  212  311
  5
  101  202  306  364  447
  3
  161  425  486
  5
  75  143  156  443  470
  4
  222  253  364  373
  2
  3  402
  2
  73  172
  5
  19  197  219  363  398
  3
  100  127  224
  4
  63  131  147  297
  4
  1  207  317  325
  5
  29  57  213  238  390
  3
  45  60  294
  3
  155  383  485
  3
  114  192  217
  3
  10  334  387
  3
  257  351  403
  2
  228  415
  5
  176  293  365  403  446
  2
  81  374
  3
  62  106  206
  5
  2  4  320  321  343
  5
  25  31  154  181  256
  5
  50  107  337  340  465
  5
  111  132  224  240  401
  5
  28  126  277  322  482
  3
  226  336  430
  2
  166  404
  3
  93  95  420
  4
  1  2  74  240
  2
  85  243
  3
  27  193  386
  2
  2  455
  3
  213  354  491
  5
  28  176  208  211  454
  3
  13  75  395
  5
  155  251  261  372  441
  4
  163  222  229  498
  2
  309  425
  2
  97  396
  3
  124  156  204
  2
  117  450
  2
  188  268
  4
  32  302  428  434
  2
  113  294
  2
  374  401
  5
  94  107  365  489  497
  4
  178  286  338  435
  3
  171  196  240
  4
  58  162  207  427
  2
  79  139
  3
  8  121  326
  5
  18  23  293  450  484
  2
  443  475
  4
  86  301  306  496
  4
  43  428  462  484
  3
  73  133  186
  5
  141  220  263  351  381
  4
  144  335  386  398
  4
  68  80  166  196
  3
  178  391  425
  4
  104  156  247  479
  4
  306  319  470  489
  3
  291  323  428
  2
  68  220
  4
  46  131  189  496
  5
  30  47  67  226  483
  4
  31  185  197  205
  5
  50  214  237  337  426
  3
  62  187  336
  5
  76  129  224  392  433
  4
  164  436  457  486
  2
  226  282
  4
  46  124  245  431
  5
  62  76  308  331  399
  5
  171  175  208  284  316
  4
  256  263  383  491
  5
  17  29  77  317  361
  2
  341  487
  3
  117  318  394
  2
  26  440
  3
  239  396  425
  2
  168  482
  4
  66  152  167  423
  4
  149  197  250  276
  4
  8  53  264  314
  3
  95  164  324
  3
  200  218  482
  5
  21  118  141  271  380
  2
  10  426
  2
  119  421
  3
  74  220  247
  5
  62  300  403  408  490
  4
  28  40  402  459
  3
  127  149  318
  5
  35  297  342  453  484
  2
  133  344
  4
  7  136  151  379
  3
  204  265  395
  5
  181  337  353  458  459
  3
  30  75  133
  3
  291  314  345
  3
  31  40  385
  2
  269  427
  4
  328  378  425  433
  4
  48  295  459  499
  3
  13  242  441
  3
  124  173  358
  4
  8  37  64  395
  5
  154  155  306  412  439
  5
  58  290  291  377  411
  4
  67  195  218  263
  4
  115  232  343  462
  3
  85  386  454
  3
  41  292  332
  2
  139  316
  3
  224  413  483
  3
  128  303  421
  4
  165  220  337  495
  2
  89  383
  4
  2  250  259  476
  2
  182  350
  5
  69  158  166  449  492
  3
  5  55  158
  4
  46  159  225  457
  2
  186  419
  3
  235  295  326
  2
  312  487
  3
  18  46  473
  2
  5  444
  3
  6  43  353
  2
  407  410
  2
  36  260
  3
  246  264  431
  2
  174  399
  3
  95  313  324
  5
  259  307  339  376  470
  3
  191  236  375
  5
  61  127  208  277  363
  3
  190  301  437
  5
  100  122  329  433  443
  5
  1  81  196  280  438
  2
  253  328
  2
  64  348
  4
  29  264  359  402
  3
  63  118  468
  5
  139  215  270  342  468
  2
  289  394
  5
  11  103  248  369  495
  5
  30  35  121  286  415
  4
  2  62  197  199
  3
  84  90  390
  4
  51  185  344  375
  4
  120  153  234  385
  5
  74  192  249  380  485
  2
  271  272
  4
  228  367  389  451
  3
  93  274  479
  4
  9  219  344  405
  5
  53  199  242  401  477
  3
  52  114  432
  5
  8  108  292  324  410
  4
  162  283  481  495
  4
  231  253  381  400
  4
  182  252  343  464
  2
  149  249
  3
  51  91  121
  3
  115  168  264
  2
  82  249
  2
  68  75
  5
  31  240  297  307  440
  5
  61  100  103  199  337
  3
  262  312  394
  3
  179  340  444
  4
  19  104  142  196
  3
  1  143  419
  5
  12  15  34  93  216
  5
  1  133  246  449  470
  3
  53  97  143
  2
  364  461
  2
  349  430
  4
  44  148  446  457
  2
  36  460
  3
  11  122  419
  2
  119  436
  3
  102  428  476
  2
  340  367
  4
  107  112  407  434
  5
  10  24  211  240  320
  2
  26  116
  5
  265  401  449  474  500
  5
  271  329  357  395  403
  4
  7  195  448  493
  5
  77  219  326  354  398
  2
  124  265
  4
  130  213  221  279
  3
  221  416  440
  5
  18  234  408  461  497
  5
  72  88  362  468  490
  5
  157  302  355  371  448
  5
  70  153  362  433  437
  4
  177  380  384  449
  2
  24  49
  5
  135  178  310  316  321
  3
  157  185  201
  3
  281  299  483
  2
  44  372
  5
  181  209  230  248  480
  3
  168  180  390
  4
  121  134  135  405
  2
  380  496
  5
  38  222  263  313  363
  5
  17  162  367  400  415
  5
  147  271  414  468  469
  3
  24  199  414
  3
  186  266  454
  5
  195  288  292  415  461
  4
  77  97  224  411
  3
  155  215  246
  3
  137  220  475
  2
  228  328
  2
  19  264
  3
  206  234  493
  5
  7  61  77  272  435
  5
  61  76  105  334  343
  2
  250  280
  2
  354  498
  4
  3  75  158  168
  2
  259  434
  5
  162  246  393  405  486
  2
  232  339
  3
  28  271  298
  4
  143  310  399  410
  2
  129  333
  3
  348  437  474
  2
  174  263
  4
  320  393  425  439
  4
  2  150  362  468
  2
  64  345
  2
  355  381
  2
  89  194
  3
  44  393  445
  3
  94  408  418
  4
  126  157  447  500
  4
  26  167  258  286
  4
  58  177  430  463
  2
  53  429
  5
  226  345  353  381  392
  3
  17  135  158
  3
  55  367  368
  4
  103  144  156  347
  4
  133  146  391  499
  4
  33  205  223  456
  3
  177  181  432
  4
  136  151  350  366
  4
  129  181  223  314
  5
  23  166  197  232  356
  4
  42  66  169  437
  3
  55  206  307
  5
  6  61  112  221  284
  2
  43  127
  5
  132  328  343  394  458
  3
  106  331  497
  5
  307  359  396  492  496
  5
  55  70  89  179  194
  2
  111  219
  5
  35  209  217  401  437
  2
  25  104
  4
  36  166  352  428
  3
  329  380  469
  5
  15  203  234  277  374
  3
  95  197  346
  4
  45  114  128  205
  5
  13  181  250  295  416
  4
  110  116  140  282
  2
  377  395
  3
  67  396  461
  5
  13  60  68  449  473
  5
  5  58  225  313  483
  3
  333  335  372
  4
  189  262  353  395
  4
  36  103  179  482
  3
  290  334  450
  2
  233  419
  3
  40  235  310
  3
  197  390  457
  2
  30  197
  5
  86  268  433  457  464
  2
  355  468
  2
  57  434
  5
  98  325  401  474  492
  5
  217  237  269  315  369
  5
  13  106  114  156  206
  2
  55  90
  4
  49  276  321  324
  2
  267  367
  2
  303  381
  4
  141  155  454  475
  5
  12  119  172  210  442
  3
  116  226  480
  4
  36  97  103  318
  5
  9  175  274  391  406
  5
  91  117  422  497  500
  3
  61  205  329
  4
  56  135  297  487
  4
  81  343  348  393
  5
  11  27  102  137  257
  3
  91  286  442
  4
  168  225  318  490
  3
  60  136  170
  5
  24  67  251  371  396
  4
  136  209  225  488
  2
  226  253
  2
  140  315
  2
  208  270
  5
  1  36  130  160  194
  5
  24  96  112  443  484
  2
  102  412
  3
  42  69  270
  5
  136  149  208  410  468
  3
  227  305  392
  5
  56  104  140  309  390
  4
  159  230  350  479
  5
  28  66  121  211  283
  2
  121  266
  2
  267  390
  4
  14  123  260  480
  3
  229  279  364
  2
  161  492
  4
  96  149  226  351
  3
  74  175  476
  2
  10  173
  4
  128  316  343  437
  4
  28  147  275  407
  4
  10  20  228  279
  3
  76  161  355
  2
  163  357
  5
  160  201  319  327  488
  3
  294  357  441
  3
  191  229  377
  2
  223  318
  5
  125  294  317  377  448
  2
  151  171
  4
  26  298  464  467
  2
  69  447
  4
  228  296  429  442
  2
  208  468
  4
  165  282  417  441
  2
  84  381
  4
  311  420  443  500
  2
  71  229
  4
  168  214  438  489
  4
  106  240  401  480
  2
  300  492
  5
  98  256  398  402  417
  4
  16  243  309  419
  5
  149  261  275  276  476
  4
  109  122  158  213
  5
  51  137  150  428  478
  2
  126  265
  2
  114  407
  3
  21  157  488
  3
  180  212  449
  4
  261  325  333  362
  3
  363  372  426
  4
  47  129  285  387
  3
  93  282  467
  2
  282  354
  4
  228  269  436  489
  3
  13  244  362
  3
  26  222  346
  5
  73  198  297  341  357
  4
  23  222  378  434
  5
  135  165  287  448  482
  2
  69  356
  4
  89  161  183  269
  4
  125  134  283  331
  3
  384  473  495
  3
  168  249  455
  5
  8  111  164  356  369
  2
  113  426
  5
  108  191  324  356  374
  3
  126  380  460
  4
  2  316  442  446
  2
  248  290
  2
  39  304
  4
  23  104  182  235
  5
  105  277  303  329  346
  4
  136  323  408  414
  2
  127  309
  4
  108  212  311  333
  5
  53  108  273  278  395
  3
  45  365  397
  3
  271  283  351
  3
  97  204  475
  3
  59  388  481
  3
  5  108  485
  4
  37  293  444  463
  5
  220  228  349  418  434
  3
  27  334  370
  3
  3  251  283
  3
  338  343  360
  3
  249  272  329
  3
  130  316  323
  5
  110  124  163  240  461
  5
  85  157  255  292  297
  4
  56  210  216  467
  5
  68  154  431  459  469
  4
  211  297  313  388
  5
  69  201  203  211  365
  2
  164  477
  5
  155  282  322  415  422
  5
  21  344  386  389  483
  2
  150  153
  5
  24  112  178  252  256
  5
  10  107  150  222  225
  3
  49  108  353
  2
  324  374
  2
  131  454
  2
  174  185
  4
  24  142  173  302
  4
  297  436  499  500
  5
  107  168  175  190  282
  2
  354  378
  5
  101  151  389  402  482
  5
  186  190  282  285  412
  5
  82  279  362  393  440
  5
  42  283  338  400  401
  2
  172  478
  3
  295  447  485
  2
  77  419
  5
  278  293  377  417  446
  5
  234  261  272  453  484
  5
  152  305  336  368  432
  5
  76  304  330  359  398
  2
  309  432
  4
  50  227  303  376
  5
  18  344  406  432  474
  5
  117  227  257  319  497
  3
  240  479  492
  3
  142  315  499
  3
  242  451  465
  3
  294  316  418
  4
  267  281  486  500
  3
  26  42  224
  3
  88  210  445
  3
  91  345  398
  3
  52  135  259
  3
  158  218  346
  5
  37  94  322  368  414
  2
  292  419
  5
  133  139  245  292  457
  4
  83  178  190  271
  3
  82  378  422
  2
  43  67
  3
  95  229  496
  2
  47  159
  4
  214  310  334  488
  4
  212  266  334  427
  3
  40  46  309
  3
  104  412  440
  3
  71  235  284
  3
  72  186  293
  4
  88  147  242  353
  2
  76  477
  4
  1  124  218  244
  4
  139  185  228  403
  5
  100  269  290  410  441
  4
  38  283  423  479
  5
  33  78  129  237  494
  2
  157  293
  3
  272  323  473
  2
  154  325
  3
  366  475  496
  2
  39  240
  4
  47  50  296  386
  3
  50  275  409
  2
  84  422
  2
  134  258
  4
  220  284  325  336
  4
  104  180  287  346
  2
  302  490
  2
  319  438
  3
  322  404  414
  2
  24  42
  3
  8  16  438
  5
  64  161  326  367  471
  4
  115  131  164  434
  4
  110  203  213  343
  3
  76  295  390
  5
  40  45  137  173  312
  4
  2  320  330  335
  4
  42  331  370  371
  3
  145  160  496
  5
  181  196  212  286  475
  3
  50  240  355
  4
  1  141  259  288
  2
  347  402
  5
  22  110  143  271  338
  3
  161  178  447
  5
  102  139  170  249  398
  2
  266  463
  4
  61  366  386  483
  2
  18  83
  5
  15  39  338  405  463
  3
  181  203  380
  5
  13  49  105  112  407
  3
  84  327  377
  3
  68  126  326
  2
  174  342
  3
  82  132  432
  3
  97  330  355
  3
  43  281  446
  4
  29  65  232  264
  4
  148  313  386  412
  3
  134  177  394
  5
  122  212  240  348  382
  3
  50  395  418
  5
  5  90  136  175  274
  4
  35  464  467  491
  2
  121  321
  2
  192  201
  3
  121  131  389
  3
  108  424  443
  3
  157  360  378
  3
  97  191  436
  2
  306  395
  3
  55  260  458
  3
  182  245  271
  5
  62  74  99  110  244
  2
  58  174
  4
  86  302  390  492
  4
  11  57  304  393
  3
  120  284  441
  4
  156  190  192  332
  2
  99  438
  4
  57  116  246  409
  4
  65  136  200  375
  4
  322  369  424  477
  2
  6  333
  3
  165  185  209
  3
  270  461  462
  3
  12  274  463
  3
  154  165  487
  2
  315  360
  4
  35  246  431  495
  2
  402  472
  2
  122  440
  3
  260  289  439
  5
  39  151  352  479  497
  5
  119  132  247  378  441
  5
  18  39  42  192  290
  5
  5  108  227  238  500
  4
  107  221  252  332
  2
  15  107
  2
  125  260
  2
  261  395
  5
  236  322  380  488  498
  3
  186  259  492
  3
  138  475  488
  4
  205  293  364  481
  5
  11  210  211  368  372
  4
  44  175  307  369
  4
  101  336  404  434
  5
  105  237  340  441  475
  4
  229  309  369  417
  5
  9  248  381  427  450
  5
  65  229  266  269  273
  5
  236  426  448  461  466
  4
  26  121  129  402
  4
  172  256  275  305
  5
  10  34  126  439  459
  3
  113  282  290
  5
  62  140  215  222  302
  2
  75  193
  3
  267  271  286
  4
  57  291  314  403
  2
  243  372
  2
  74  237
  3
  21  40  140
  5
  96  120  195  261  272
  5
  21  239  292  488  500
  5
  116  209  278  297  489
  5
  3  67  95  342  395
  2
  337  479
  4
  220  271  400  422
  3
  115  149  383
  4
  75  339  399  460
  2
  41  419
  4
  14  34  247  296
  2
  225  309
  4
  166  382  446  465
  4
  101  208  263  470
  4
  129  232  290  340
  4
  128  174  218  306
  4
  164  247  408  488
  4
  186  264  286  374
  5
  23  127  217  298  324
  2
  132  476
  2
  95  360
  4
  39  185  430  434
  4
  179  237  471  491
  4
  154  190  360  362
  2
  76  401
  2
  138  479
  2
  137  388
  3
  163  386  474
  5
  12  101  182  382  441
  5
  213  323  427  479  488
  2
  19  157
  3
  181  319  500
  5
  68  104  137  162  465
  3
  83  86  137
  4
  2  161  187  319
  3
  265  272  455
  3
  118  211  228
  2
  319  369
  4
  84  139  301  390
  5
  19  40  137  245  339
  4
  134  188  413  482
  2
  41  317
  4
  117  144  270  328
  2
  103  353
  5
  9  166  242  414  461
  3
  182  362  398
  2
  67  395
  2
  163  407
  4
  124  129  346  364
  2
  221  361
  3
  18  344  373
  3
  109  308  314
  5
  3  49  165  186  290
  3
  62  212  314
  5
  4  89  137  247  294
  2
  42  422
  3
  26  92  282
  4
  118  321  344  360
  5
  129  255  260  368  441
  4
  43  80  141  282
  4
  73  82  197  458
  3
  260  349  429
  3
  31  284  381
  5
  4  203  374  412  428
  2
  337  454
  3
  68  442  469
  3
  64  278  395
  2
  375  383
  2
  124  378
  4
  110  166  305  325
  5
  56  66  103  435  438
  4
  63  112  243  293
  4
  127  196  254  260
  2
  38  296
  3
  111  339  351
  4
  8  265  318  491
  5
  56  189  285  346  427
  4
  73  286  306  386
  5
  235  306  339  386  472
  5
  59  108  288  380  442
  5
  117  129  256  279  414
  4
  121  254  308  350
  2
  51  124
  4
  16  33  75  270
  5
  128  332  355  368  471
  3
  41  44  463
  4
  123  126  275  335
  5
  8  14  104  138  265
  4
  47  309  354  419
  4
  153  180  336  420
  4
  156  238  310  374
  2
  201  473
  2
  155  376
  3
  65  303  454
  3
  75  264  496
  5
  30  162  203  331  486
  4
  74  81  126  213
  4
  24  143  442  477
  3
  228  361  414
  4
  3  46  257  372
  4
  9  255  295  423
  4
  122  228  301  488
  5
  82  105  168  347  422
  3
  10  343  360
  5
  325  406  471  476  489
  3
  250  318  460
  2
  83  307
  4
  112  129  275  342
  2
  103  112
  3
  44  183  495
  5
  117  118  142  151  460
  3
  44  142  399
  5
  111  171  324  368  400
  5
  5  58  214  230  337
  4
  66  120  217  476
  2
  159  336
  4
  62  96  341  427
  2
  84  105
  3
  43  165  174
  4
  9  357  361  380
  5
  101  128  277  457  459
  5
  247  314  327  427  444
  3
  147  356  468
  3
  81  171  175
  5
  26  134  264  413  451
  3
  14  372  425
  3
  250  434  485
  5
  59  262  384  443  457
  4
  231  287  389  474
  4
  82  209  256  356
  4
  137  203  407  423
  4
  23  43  83  91
  4
  127  235  283  419
  3
  122  273  470
  5
  24  106  233  326  466
  5
  103  127  162  166  403
  3
  115  294  349
  2
  254  431
  3
  68  119  370
  4
  76  238  257  325
  2
  14  180
  3
  287  397  490
  2
  7  20
  3
  89  338  405
  4
  68  80  302  482
  3
  59  88  489
  2
  70  130
  4
  110  154  158  459
  3
  62  106  130
  3
  31  256  365
  3
  226  299  436
  3
  82  171  202
  5
  62  64  170  359  499
  4
  102  199  378  493
  5
  99  141  166  335  485
  2
  194  241
  3
  402  442  483
  2
  195  298
  5
  55  271  300  395  480
  3
  156  177  347
  5
  70  147  187  260  361
  3
  409  442  488
  5
  150  206  207  401  468
  3
  97  126  316
  2
  141  282
  2
  220  344
  4
  97  216  234  425
  5
  113  223  303  419  440
  5
  21  51  307  455  461
  4
  84  319  427  454
  5
  95  239  313  406  457
  4
  66  290  303  358
  5
  27  59  373  464  480
  5
  27  51  73  209  412
  5
  238  315  326  347  355
  4
  11  274  360  432
  2
  425  475
  5
  74  136  172  186  326
  4
  110  150  180  415
  5
  47  187  230  277  492
  2
  173  238
  3
  92  207  442
  4
  65  148  198  206
  3
  96  291  316
  3
  21  58  479
  3
  175  252  369
  3
  33  224  474
  5
  43  63  81  250  321
  3
  136  269  276
  3
  250  310  416
  4
  46  300  428  453
  2
  277  366
  5
  59  172  175  385  413
  3
  21  52  124
  2
  320  438
  5
  64  253  314  315  376
  5
  79  124  165  262  395
  3
  148  300  381
  5
  110  227  391  409  411
  4
  172  313  324  337
  2
  200  228
  3
  15  211  253
  3
  71  153  221
  3
  45  122  390
  5
  37  169  260  310  384
  5
  56  78  283  459  491
  3
  264  309  412
  3
  113  160  215
  3
  27  189  245
  4
  168  259  437  454
  3
  226  230  341
  5
  329  360  363  396  430
  4
  116  200  274  298
  5
  128  320  350  458  485
  5
  180  227  338  371  385
  5
  77  320  329  384  409
  2
  74  349
  2
  51  199
  4
  118  211  213  460
  5
  3  23  86  210  237
  4
  33  271  372  460
  5
  41  67  132  173  318
  2
  91  188
  5
  94  135  324  407  496
  4
  84  134  424  442
  4
  116  150  157  305
  3
  22  75  84
  4
  24  165  173  253
  3
  46  91  390
  5
  181  220  381  403  430
  2
  117  251
  2
  90  394
  2
  176  489
  4
  14  82  94  247
  2
  113  379
  3
  48  410  480
  3
  23  136  300
  4
  242  355  400  483
  2
  73  252
  2
  190  199
  5
  8  195  206  238  379
  4
  294  358  429  495
  5
  136  301  314  353  469
  2
  78  450
  2
  126  497
  3
  78  89  303
  5
  75  163  172  184  415
  3
  8  50  180
  2
  200  284
  3
  61  114  212
  5
  36  164  210  289  316
  3
  92  380  467
  3
  141  198  374
  3
  85  183  484
  3
  55  130  218
  2
  100  156
  4
  235  334  405  443
  4
  51  190  305  483
  3
  14  70  434
  4
  84  174  325  354
  5
  261  321  385  421  497
  3
  36  393  412
  4
  232  260  463  499
  2
  189  286
  3
  142  236  492
  5
  14  18  24  434  442
  4
  271  311  366  407
  2
  154  429
  2
  6  118
  4
  161  387  436  439
  3
  96  338  361
  5
  46  234  269  389  455
  4
  83  113  193  297
  2
  462  481
  2
  128  320
  4
  145  179  334  391
  2
  139  232
  2
  224  306
  5
  204  240  336  375  487
  5
  21  116  322  435  441
  3
  48  99  489
  2
  165  247
  5
  68  100  152  455  498
  4
  2  38  192  466
  4
  138  227  375  496
  4
  209  241  281  321
  3
  154  224  225
  2
  263  419
  2
  172  382
  4
  190  288  408  447
  3
  200  238  473
  2
  387  390
  4
  31  184  231  474
  3
  85  332  474
  5
  109  152  155  159  226
  2
  88  338
  4
  13  63  148  392
  4
  142  367  370  478
  2
  46  110
  5
  25  72  265  391  441
  5
  12  101  110  135  451
  2
  273  384
  5
  91  127  223  295  303
  2
  53  398
  5
  113  202  294  433  452
  5
  122  215  221  306  325
  5
  138  286  307  341  466
  4
  142  204  222  487
  2
  213  294
  2
  84  377
  5
  243  280  439  449  467
  4
  29  53  241  421
  3
  36  86  349
  5
  27  400  421  433  474
  4
  77  101  298  380
  2
  131  476
  5
  85  142  214  308  468
  2
  145  491
  2
  257  456
  3
  110  192  343
  3
  10  141  399
  2
  154  482
  5
  20  47  131  228  456
  3
  4  185  322
  2
  395  496
  2
  124  129
  3
  92  353  427
  5
  298  319  329  363  410
  2
  377  399
  3
  302  380  491
  4
  226  236  350  358
  4
  248  296  304  493
  2
  79  258
  3
  36  48  348
  4
  163  181  348  466
  4
  107  112  452  463
  3
  71  217  251
  2
  300  308
  4
  130  158  353  481
  2
  120  273
  5
  79  167  181  198  491
  2
  154  239
  2
  172  187
  2
  256  307
  3
  138  231  364
  2
  388  470
  5
  111  132  143  455  490
  3
  43  369  381
  3
  123  341  448
  4
  146  173  330  404
  3
  245  372  374
  3
  26  103  284
  5
  95  235  253  443  457
  3
  285  351  401
  5
  59  188  464  468  489
  4
  9  105  361  376
  4
  96  132  225  415
  3
  268  346  371
  3
  408  421  492
  3
  27  107  389
  3
  109  163  246
  2
  146  384
  5
  236  248  265  380  395
  4
  162  303  348  399
  3
  257  322  356
  2
  80  95
  3
  261  294  429
  3
  236  281  364
  5
  46  61  117  192  221
  2
  47  364
  4
  159  279  359  451
  2
  254  346
  4
  22  74  431  470
  5
  45  144  186  394  397
  4
  6  18  428  429
  2
  158  289
  5
  79  98  109  460  468
  5
  91  104  146  220  242
  4
  44  214  337  372
  5
  143  155  405  416  439
  5
  80  92  115  463  471
  4
  77  114  127  234
  5
  115  274  382  470  483
  3
  104  155  260
  3
  1  181  350
  3
  268  327  470
  5
  36  142  170  268  279
  5
  194  244  287  334  471
  4
  21  67  132  179
  2
  390  429
  5
  22  46  95  111  341
  2
  30  120
  2
  137  374
  5
  39  99  198  287  350
  2
  133  296
  3
  124  171  286
  3
  108  250  475
  2
  214  317
  4
  2  68  104  409
  5
  101  289  394  445  457
  2
  56  219
  4
  166  194  306  384
  4
  91  104  119  341
  5
  94  198  333  336  355
  2
  183  413
  4
  22  24  233  335
  3
  110  125  461
  5
  61  192  203  215  228
  5
  54  166  298  382  417
  4
  157  198  400  449
  2
  246  410
  4
  208  246  309  388
  3
  126  382  412
  5
  60  153  203  240  483
  5
  122  249  269  333  429
  5
  116  121  285  323  363
  4
  93  239  288  441
  3
  65  76  168
  4
  45  54  262  384
  4
  7  46  125  215
  4
  127  136  290  384
  3
  5  171  268
  2
  201  229
  4
  111  273  327  373
  5
  279  347  358  369  500
  3
  269  306  398
  4
  136  176  302  367
  2
  49  91
  5
  81  98  168  259  341
  3
  215  278  340
  4
  66  100  245  315
  3
  301  355  457
  5
  80  87  126  168  302
  3
  15  18  432
  2
  188  457
  2
  292  432
  3
  178  252  419
  4
  25  82  326  358
  3
  31  36  38
  3
  23  31  217
  5
  51  83  183  447  492
  5
  26  165  187  247  305
  5
  16  19  62  70  83
  5
  32  81  83  106  111
  2
  35  306
  3
  198  249  252
  4
  93  223  234  482
  4
  91  242  321  361
  3
  50  139  262
  3
  211  292  490
  4
  36  46  56  192
  5
  144  180  249  374  414
  3
  400  429  460
  5
  32  88  92  178  298
  5
  61  86  146  158  357
  3
  272  308  337
  5
  113  116  125  247  467
  5
  59  99  222  229  427
  3
  97  159  491
  3
  77  94  296
  3
  149  244  312
  5
  283  286  385  429  444
  4
  20  91  323  364
  2
  95  283
  3
  329  361  486
  5
  207  272  352  393  418
  4
  18  104  125  307
  4
  115  170  174  198
  5
  207  294  311  338  436
  2
  263  486
  4
  133  211  252  453
  2
  181  256
  3
  186  311  439
  2
  2  239
  3
  428  460  461
  3
  19  41  46
  4
  284  331  350  377
  2
  241  330
  5
  90  187  361  422  434
  5
  142  300  426  447  451
  2
  109  390
  5
  11  211  231  328  490
  2
  437  451
  2
  251  334
  2
  167  436
  2
  116  294
  3
  362  417  463
  4
  66  75  102  386
  3
  66  88  99
  4
  128  176  403  459
  5
  131  230  320  369  416
  5
  97  262  318  335  358
  5
  34  182  190  230  300
  5
  75  196  224  325  490
  4
  97  307  398  498
  3
  181  185  280
  3
  112  166  232
  3
  96  230  330
  5
  18  178  193  213  259
  3
  41  314  349
  2
  243  281
  3
  34  194  352
  3
  182  217  459
  2
  53  360
  5
  35  161  199  244  417
  5
  71  81  239  247  345
  2
  345  490
  5
  258  322  458  467  499
  5
  55  285  351  384  390
  3
  207  413  465
  3
  50  221  354
  3
  35  68  119
  4
  151  250  286  359
  2
  34  363
  4
  60  110  161  208
  4
  100  265  330  410
  3
  122  253  383
  5
  192  323  423  447  491
  2
  246  360
  5
  154  200  226  305  385
  3
  26  41  417
  4
  6  40  219  453
  2
  42  147
  2
  86  455
  4
  171  318  395  473
  3
  247  256  272
  2
  1  111
  3
  100  264  478
  4
  196  274  340  375
  5
  49  203  209  381  450
  4
  169  228  276  300
  2
  237  322
  2
  166  475
  5
  53  292  300  349  495
  2
  323  345
  5
  30  39  123  298  307
  4
  30  345  409  422
  2
  49  468
  4
  33  329  351  379
  5
  48  106  267  365  399
  4
  74  223  231  349
  2
  307  328
  2
  438  480
  3
  154  244  442
  5
  96  100  193  336  478
  4
  171  172  280  465
  2
  9  385
  2
  130  194
  2
  152  228
  3
  311  324  498
  5
  25  280  329  409  490
  3
  214  344  428
  3
  106  158  200
  5
  74  101  204  208  214
  5
  3  40  89  103  293
  4
  34  63  227  455
  4
  102  223  351  361
  3
  207  390  489
  4
  126  203  269  476
  2
  76  168
  2
  204  476
  5
  225  268  419  422  477
  5
  200  311  422  457  459
  3
  26  95  375
  2
  279  355
  3
  55  266  395
  4
  39  48  127  498
  3
  57  438  453
  4
  327  334  383  496
  5
  38  68  125  294  376
  5
  69  237  384  423  482
  5
  20  47  76  420  477
  4
  200  288  369  447
  3
  52  225  271
  4
  186  322  386  498
  2
  42  123
  2
  2  264
  2
  198  308
  4
  3  14  152  247
  2
  175  180
  3
  47  132  255
  5
  72  89  104  367  474
  3
  3  9  306
  5
  235  427  431  461  497
  5
  25  247  277  410  447
  2
  130  352
  2
  85  210
  5
  9  111  151  203  477
  2
  14  292
  4
  111  339  390  420
  3
  101  194  253
  2
  5  420
  3
  229  421  464
  4
  220  229  232  499
  2
  93  125
  4
  142  330  372  428
  3
  77  204  269
  3
  372  397  404
  5
  213  254  305  327  411
  4
  246  307  374  458
  2
  187  201
  4
  70  76  470  479
  5
  141  295  372  404  472
  3
  27  165  345
  4
  120  122  437  473
  5
  22  113  141  185  384
  3
  122  293  342
  3
  298  463  491
  5
  39  221  430  484  495
  2
  96  374
  3
  96  253  389
  3
  50  151  275
  4
  128  304  324  440
  4
  92  151  200  454
  3
  15  113  461
  4
  35  93  318  329
  4
  216  247  361  436
  5
  55  192  366  405  450
  4
  31  145  327  420
  2
  13  478
  4
  153  226  387  462
  3
  75  90  397
  4
  79  108  400  472
  4
  81  190  285  330
  2
  114  455
  3
  241  294  470
  5
  6  122  179  320  466
  3
  378  390  463
  2
  148  452
  2
  361  410
  3
  50  440  455
  3
  191  335  470
  4
  44  95  133  272
  5
  49  319  405  428  483
  2
  267  305
  3
  55  226  348
  2
  84  225
  2
  103  275
  2
  71  486
  4
  119  262  288  488
  4
  28  295  298  367
  3
  169  354  377
  4
  97  264  267  498
  3
  132  148  322
  4
  69  70  185  193
  2
  21  443
  3
  208  361  451
  5
  77  323  400  419  436
  3
  191  314  406
  2
  102  112
  5
  156  274  337  359  369
  3
  264  284  485
  3
  119  258  458
  2
  191  404
  4
  62  165  273  499
  3
  91  260  395
  4
  90  271  359  407
  5
  7  93  113  172  182
  3
  122  311  371
  4
  155  196  424  459
  4
  129  225  237  245
  3
  84  381  478
  2
  121  324
  4
  60  86  217  353
  5
  108  204  260  283  476
  3
  25  71  163
  3
  165  367  401
  2
  35  442
  4
  205  309  424  491
  5
  108  122  178  294  439
  5
  4  8  20  199  239
  3
  204  454  489
  2
  26  447
  3
  74  150  240
  5
  25  215  286  406  469
  3
  169  294  471
  4
  87  90  304  382
  3
  180  220  462
  2
  296  411
  4
  183  300  305  380
  5
  204  258  377  384  388
  2
  128  223
  5
  28  97  289  322  328
  4
  230  311  314  469
  3
  42  254  338
  2
  108  298
  5
  7  35  39  46  369
  5
  35  59  185  256  340
  2
  49  457
  5
  1  261  289  457  472
  2
  259  451
  4
  87  97  244  448
  2
  233  463
  3
  58  78  489
  2
  234  274
  5
  25  96  120  361  475
  4
  54  232  290  361
  5
  74  198  294  323  461
  3
  175  446  456
  2
  194  261
  4
  41  144  146  466
  4
  180  205  381  436
  3
  79  235  311
  2
  133  275
  3
  364  436  479
  2
  165  399
  5
  138  263  279  296  441
  2
  142  492
  3
  84  188  455
  2
  167  288
  2
  10  174
  2
  152  217
  3
  78  367  391
  3
  55  177  218
  4
  298  383  456  462
  5
  42  44  300  326  366
  4
  117  123  295  352
  4
  224  260  356  474
  3
  199  261  437
  4
  10  270  457  481
  5
  31  240  267  310  465
  5
  64  116  133  154  334
  3
  118  327  481
  5
  31  158  164  170  385
  3
  40  123  350
  4
  45  259  307  432
  2
  251  297
  3
  130  240  299
  3
  73  124  352
  5
  154  189  200  272  333
  3
  148  466  480
  5
  98  130  138  432  494
  4
  116  286  312  314
  2
  53  423
  4
  185  211  319  385
  5
  61  228  269  288  414
  5
  68  118  155  399  470
  3
  212  220  428
  2
  363  432
  5
  29  44  53  245  377
  3
  223  453  499
  3
  181  261  277
  5
  121  136  160  186  487
  5
  62  212  331  422  449
  5
  29  87  137  165  247
  2
  429  484
  5
  218  256  361  380  428
  4
  51  102  178  181
  4
  200  410  430  475
  5
  333  343  355  455  461
  5
  14  161  253  270  464
  2
  51  283
  2
  230  429
  3
  29  31  324
  5
  36  151  179  180  443
  2
  31  299
  3
  181  365  446
  5
  85  88  180  353  361
  5
  83  141  164  166  333
  5
  61  181  265  275  365
  2
  102  246
  4
  77  316  338  475
  4
  232  291  328  352
  2
  105  162
  2
  62  125
  3
  33  128  317
  4
  74  247  265  271
  2
  472  477
  5
  46  89  277  423  499
  5
  59  157  158  279  289
  5
  213  250  411  413  467
  2
  200  316
  2
  464  486
  2
  240  424
  4
  63  101  163  208
  3
  79  272  385
  2
  332  432
  4
  1  163  337  460
  2
  242  363
  3
  241  344  354
  5
  4  222  364  439  449
  4
  87  386  414  459
  2
  91  413
  3
  415  432  467
  5
  5  76  87  192  352
  2
  119  240
  2
  157  449
  4
  82  237  273  488
  3
  222  273  298
  3
  87  433  480
  4
  52  85  93  271
  2
  243  467
  4
  219  264  348  383
  5
  128  142  269  299  355
  4
  297  298  420  482
  5
  31  56  213  236  311
  4
  355  385  414  438
  5
  104  118  236  311  344
  4
  110  269  311  444
  5
  84  118  296  343  408
  5
  42  129  280  283  325
  4
  5  11  111  381
  4
  10  131  203  260
  2
  147  200
  5
  14  81  195  231  354
  4
  63  190  219  460
  2
  184  298
  3
  85  258  385
  2
  49  180
  3
  3  5  291
  5
  16  56  221  243  263
  5
  59  159  221  271  289
  3
  88  368  376
  3
  24  55  416
  2
  264  481
  3
  141  223  352
  5
  94  144  174  260  407
  5
  38  162  179  196  487
  4
  100  131  160  319
  2
  217  437
  5
  180  226  300  322  386
  3
  2  70  319
  4
  199  328  432  444
  2
  167  407
  3
  50  55  442
  3
  99  141  436
  4
  74  102  179  456
  2
  26  445
  2
  197  294
  4
  168  192  203  386
  4
  258  262  422  450
  2
  19  66
  4
  141  202  253  459
  2
  43  463
  5
  159  252  260  263  275
  2
  278  337
  4
  110  186  344  469
  5
  96  248  307  321  341
  2
  115  424
  3
  146  324  458
  4
  163  292  409  452
  2
  230  497
  5
  123  159  184  385  479
  2
  323  386
  2
  329  400
  3
  7  263  360
  2
  183  380
  2
  312  453
  4
  171  191  366  464
  4
  76  349  354  495
  3
  210  329  331
  5
  194  204  218  285  403
  2
  192  446
  5
  136  255  341  392  451
  3
  172  340  367
  5
  81  87  167  179  281
  3
  68  352  464
  5
  144  342  372  409  460
  2
  93  207
  4
  147  197  348  383
  4
  94  160  333  372
  4
  109  241  260  483
  2
  10  61
  4
  52  98  279  381
  2
  40  51
  4
  36  67  413  444
  2
  210  328
  5
  16  160  165  375  420
  4
  65  148  296  457
  2
  174  444
  2
  487  499
  4
  41  189  292  372
  3
  273  388  393
  3
  273  291  467
  3
  221  245  419
  3
  187  347  426
  3
  9  170  335
  4
  24  244  295  417
  2
  68  500
  3
  73  112  414
  3
  156  246  251
  2
  72  249
  2
  155  471
  3
  109  184  398
  2
  202  299
  2
  226  347
  4
  172  248  290  324
  3
  194  195  310
  3
  173  180  398
  3
  315  357  425
  5
  187  214  238  410  411
  2
  29  75
  4
  99  215  245  388
  2
  151  350
  4
  106  197  309  328
  5
  51  65  258  443  489
  5
  73  137  152  296  385
  3
  238  323  361
  3
  201  452  493
  2
  70  81
  5
  174  203  210  431  482
  2
  128  418
  4
  189  321  362  410
  4
  48  220  293  314
  5
  222  335  351  386  404
  4
  241  314  429  435
  2
  101  217
  3
  129  229  250
  3
  219  240  321
  5
  25  80  136  144  359
  5
  29  300  348  371  476
  4
  153  164  180  338
  5
  83  356  372  398  450
  2
  202  244
  5
  65  140  354  390  427
  5
  45  280  319  338  417
  3
  79  249  316
  3
  67  190  212
  2
  155  159
  4
  115  196  299  307
  5
  25  29  40  411  441
  2
  82  321
  3
  136  201  233
  5
  58  292  313  344  480
  4
  44  154  190  388
  4
  91  166  245  312
  2
  166  344
  5
  110  214  243  281  437
  3
  42  85  177
  5
  118  131  167  292  387
  4
  92  132  331  408
  5
  8  298  337  459  466
  5
  175  281  446  447  477
  2
  30  415
  4
  36  65  211  411
  2
  50  89
  5
  46  122  220  377  484
  2
  129  167
  5
  36  111  137  222  498
  5
  16  24  370  401  468
  3
  158  310  313
  4
  8  71  78  263
  2
  262  279
  3
  92  182  421
  5
  17  76  112  199  331
  2
  58  288
  4
  121  210  334  468
  4
  11  138  200  348
  4
  7  134  380  475
  5
  14  182  259  262  494
  5
  70  213  326  393  431
  4
  162  284  449  480
  5
  51  66  317  483  491
  2
  128  426
  4
  80  117  175  191
  5
  153  217  247  303  374
  5
  200  232  271  350  449
  5
  229  258  265  269  352
  3
  83  131  253
  4
  30  75  153  424
  4
  36  165  270  368
  4
  161  395  468  484
  3
  115  186  482
  4
  30  230  321  381
  2
  237  278
  4
  156  288  310  410
  4
  10  224  371  414
  2
  401  453
  4
  56  65  78  168
  5
  148  240  316  358  378
  2
  189  498
  2
  214  284
  3
  121  157  225
  3
  8  136  189
  4
  68  150  443  476
  4
  49  102  154  444
  5
  54  118  134  210  221
  3
  161  186  419
  2
  223  499
  2
  57  428
  2
  100  172
  5
  48  92  134  311  372
  3
  167  297  489
  4
  14  68  298  459
  3
  224  409  437
  4
  250  314  393  425
  5
  52  82  92  123  133
  3
  123  347  355
  2
  205  411
  2
  94  222
  5
  161  199  229  325  467
  4
  16  189  201  337
  5
  8  11  53  129  330
  5
  56  146  150  216  405
  3
  246  383  407
  4
  341  376  485  499
  2
  8  29
  4
  169  239  260  304
  5
  25  42  44  211  339
  3
  33  154  401
  5
  15  48  57  391  458
  3
  154  292  464
  5
  33  77  223  351  467
  3
  313  402  479
  4
  3  71  151  170
  3
  96  325  413
  5
  1  130  335  423  449
  2
  132  264
  3
  72  233  258
  2
  32  153
  5
  9  84  155  309  468
  4
  12  110  230  327
  2
  411  429
  3
  69  76  97
  5
  25  165  191  247  379
  3
  113  251  354
  3
  268  305  394
  4
  98  151  196  415
  3
  244  394  481
  2
  185  469
  5
  14  67  143  150  311
  2
  110  126
  4
  153  303  394  455
  5
  17  150  310  335  478
  5
  27  146  185  376  435
  4
  213  263  361  454
  3
  164  189  457
  5
  30  50  243  408  500
  5
  51  118  167  176  311
  5
  46  53  369  430  496
  2
  352  361
  5
  39  267  369  428  490
  5
  46  146  218  331  432
  4
  237  240  463  491
  4
  44  70  191  302
  3
  77  447  463
  2
  124  476
  2
  22  60
  2
  23  105
  2
  137  304
  4
  14  65  202  410
  4
  89  177  194  232
  5
  9  11  294  376  499
  3
  48  416  481
  3
  6  194  476
  3
  54  316  486
  2
  23  317
  4
  71  126  138  153
  3
  5  89  401
  3
  206  313  323
  3
  150  381  453
  2
  141  489
  2
  147  232
  5
  45  123  148  373  444
  2
  87  216
  2
  177  393
  2
  194  402
  2
  72  246
  4
  166  181  289  392
  2
  294  477
  3
  139  151  187
  2
  72  401
  4
  70  127  180  481
  2
  12  483
  4
  190  324  341  466
  3
  98  122  497
  3
  262  291  295
  4
  239  320  362  469
  5
  87  213  313  374  411
  5
  14  179  368  387  405
  4
  127  205  359  423
  5
  63  161  222  368  484
  2
  365  494
  3
  58  152  253
  4
  93  200  291  437
  2
  10  100
  3
  310  418  457
  2
  284  299
  5
  45  122  279  360  434
  3
  123  217  249
  2
  158  164
  4
  203  305  377  472
  3
  23  106  390
  2
  349  405
  2
  30  477
  5
  29  66  84  97  269
  5
  68  174  272  303  419
  5
  127  183  239  357  439
  2
  85  231
  4
  51  94  165  476
  4
  72  84  258  386
  2
  180  495
  2
  386  470
  3
  77  116  448
  5
  34  55  376  386  431
  5
  8  130  223  255  494
  2
  161  448
  3
  102  244  424
  2
  179  215
  4
  34  224  384  471
  5
  14  112  136  156  204
  5
  4  210  281  360  441
  3
  106  375  445
  5
  124  148  186  269  308
  5
  69  143  182  237  434
  2
  422  433
  2
  149  419
  2
  306  404
  2
  213  361
  4
  95  276  374  458
  5
  40  77  201  338  339
  4
  100  123  222  433
  2
  22  297
  3
  5  51  178
  4
  88  312  328  416
  2
  198  489
  5
  60  120  327  330  364
  3
  216  381  481
  4
  173  203  263  466
  5
  67  94  177  267  359
  4
  84  143  366  416
  5
  5  98  152  239  341
  5
  29  224  266  282  348
  4
  24  70  184  456
  5
  216  359  445  459  484
  2
  445  495
  3
  155  262  420
  3
  263  342  461
  5
  63  82  104  374  378
  5
  70  94  162  240  331
  4
  180  274  279  475
  3
  230  292  382
  3
  266  318  344
  2
  65  493
  3
  8  23  489
  4
  156  164  324  330
  3
  38  63  242
  2
  173  188
  5
  39  134  307  341  401
  4
  257  273  386  431
  4
  29  150  215  396
  2
  18  196
  4
  131  267  306  359
  2
  477  487
  3
  32  117  395
  4
  80  284  330  365
  4
  180  247  348  471
  5
  6  171  291  466  471
  2
  83  238
  4
  121  332  340  409
  4
  97  197  358  422
  4
  176  341  440  446
  5
  77  254  293  440  479
  2
  31  122
  5
  18  68  78  331  400
  4
  254  321  393  447
  3
  52  213  275
  5
  229  381  396  422  455
  4
  173  265  271  330
  3
  138  157  254
  3
  244  256  295
  3
  203  211  233
  2
  3  266
  5
  46  125  197  236  438
  4
  84  164  185  208
  4
  107  208  210  428
  2
  449  465
  4
  60  128  174  477
  3
  21  139  241
  4
  73  211  320  404
  2
  37  367
  2
  292  397
  4
  68  97  256  456
  3
  41  398  436
  2
  150  208
  5
  11  49  234  260  415
  4
  191  214  216  357
  5
  57  69  173  354  408
  5
  41  58  80  208  270
  2
  84  220
  3
  27  150  397
  3
  101  142  394
  5
  120  272  346  353  451
  2
  146  304
  3
  412  456  457
  4
  218  256  379  381
  4
  259  301  367  428
  3
  7  153  226
  2
  118  432
  4
  177  223  368  460
  3
  174  277  377
  2
  71  291
  3
  107  312  330
  5
  22  23  220  344  418
  4
  82  252  438  460
  4
  159  194  280  488
  4
  238  363  403  484
  5
  165  248  333  401  477
  4
  145  316  352  486
  4
  33  168  455  495
  4
  33  49  120  493
  5
  20  145  284  388  424
  5
  58  82  176  186  340
  2
  206  275
  4
  39  157  179  457
  4
  85  154  161  271
  2
  144  185
  3
  85  189  414
  2
  128  271
  3
  114  356  492
  5
  49  67  296  308  356
  5
  28  98  245  309  454
  3
  61  123  257
  4
  203  274  308  342
  5
  72  193  373  395  413
  2
  214  294
  5
  10  141  174  238  483
  5
  30  34  79  94  345
  2
  333  399
  3
  264  302  485
  5
  62  128  278  354  375
  2
  121  251
  2
  182  318
  2
  69  330
  4
  66  169  324  376
  2
  142  390
  3
  2  189  306
  3
  84  266  336
  4
  92  153  272  389
  5
  126  156  314  322  324
  4
  92  191  354  375
  5
  161  366  372  404  497
  4
  103  331  355  471
  2
  130  200
  3
  63  199  429
  2
  35  347
  3
  20  242  388
  2
  24  462
  5
  245  254  354  401  469
  3
  51  118  240
  2
  171  422
  3
  163  214  328
  3
  214  280  476
  4
  155  252  345  365
  2
  53  105
  2
  356  473
  2
  235  472
  3
  109  248  335
  2
  187  289
  5
  4  15  171  293  313
  4
  96  219  237  273
  3
  61  169  393
  2
  464  498
  5
  106  112  176  371  493
  2
  13  259
  2
  435  479
  5
  14  51  308  331  367
  2
  42  235
  3
  305  394  485
  2
  90  279
  4
  152  211  266  373
  5
  8  192  195  419  497
  4
  166  259  263  294
  2
  208  289
  5
  229  291  292  440  495
  3
  203  265  379
  2
  107  310
  5
  155  290  383  410  488
  3
  101  188  369
  5
  145  193  229  304  366
  3
  93  382  389
  5
  85  103  195  388  437
  4
  119  193  197  425
  5
  53  58  227  343  437
  3
  91  219  325
  5
  73  118  132  229  395
  3
  10  35  262
  4
  96  141  418  498
  5
  122  208  232  283  459
  2
  440  495
  3
  147  291  368
  5
  89  94  233  391  426
  2
  55  243
  2
  87  384
  5
  73  110  173  294  484
  4
  58  164  302  362
  5
  18  129  260  395  470
  2
  24  60
  5
  15  228  233  252  416
  3
  115  187  310
  2
  118  383
  4
  141  333  338  500
  5
  86  93  121  200  444
  3
  71  72  402
  5
  193  245  268  376  431
  3
  412  442  474
  4
  21  222  347  374
  2
  1  169
  4
  201  300  382  478
  2
  72  487
  3
  117  206  209
  4
  10  115  289  490
  4
  67  72  166  268
  3
  23  247  392
  5
  59  109  134  298  373
  5
  183  199  311  337  430
  5
  52  54  168  199  399
  3
  18  143  319
  2
  119  148
  2
  72  349
  2
  31  386
  2
  261  381
  2
  177  316
  2
  194  420
  3
  166  233  488
  3
  8  32  419
  2
  215  350
  5
  62  91  98  232  335
  4
  228  347  373  385
  5
  4  111  210  236  281
  3
  219  279  298
  2
  16  205
  3
  123  200  243
  5
  94  281  392  441  453
  2
  386  417
  5
  5  73  378  381  468
  4
  115  126  216  349
  3
  70  283  375
  3
  355  420  450
  2
  201  439
  4
  286  289  380  387
  4
  12  36  198  500
  5
  55  180  274  444  486
  5
  35  162  324  357  453
  3
  46  174  204
  3
  189  203  251
  3
  22  244  388
  3
  109  158  265
  5
  85  131  198  265  401
  4
  60  78  128  491
  2
  206  437
  5
  37  78  144  253  479
  2
  452  459
  3
  219  263  449
  2
  173  335
  2
  301  472
  5
  170  335  420  479  486
  3
  393  435  448
  2
  70  91
  5
  171  195  243  335  347
  2
  127  474
  5
  202  264  299  362  469
  4
  270  285  355  413
  2
  119  193
  5
  1  91  155  350  390
  4
  202  395  419  438
  5
  51  83  103  209  345
  5
  80  123  144  447  476
  4
  54  58  183  492
  5
  63  270  277  288  458
  2
  274  330
  3
  186  344  345
  4
  69  133  186  233
  4
  205  245  299  349
  2
  112  269
  5
  40  223  332  339  475
  2
  207  462
  3
  309  374  443
  3
  119  340  345
  4
  44  67  291  328
  3
  169  276  286
  4
  203  281  294  445
  4
  115  152  347  370
  3
  230  256  387
  4
  60  171  237  272
  4
  87  139  224  340
  3
  55  172  191
  5
  7  90  134  218  374
  3
  46  330  376
  2
  24  496
  5
  37  116  241  263  492
  3
  8  153  386
  4
  193  276  370  396
  2
  170  215
  2
  321  436
  3
  114  176  343
  5
  102  163  167  244  368
  5
  126  147  312  328  472
  2
  267  402
  3
  269  384  403
  3
  81  206  368
  4
  13  15  223  468
  4
  45  125  210  322
  5
  122  199  372  374  375
  4
  122  255  322  362
  2
  229  243
  2
  38  226
  4
  100  287  327  345
  5
  91  186  192  206  234
  3
  10  20  58
  3
  5  21  329
  3
  305  361  436
  4
  60  254  262  358
  4
  147  170  453  465
  4
  68  307  326  337
  5
  156  279  371  374  376
  2
  289  323
  2
  56  404
  5
  8  358  362  455  462
  5
  24  111  172  317  470
  3
  57  227  299
  4
  69  226  282  476
  4
  104  182  247  249
  2
  230  404
  5
  333  424  446  472  491
  4
  231  313  361  480
  3
  96  437  484
  3
  81  103  111
  2
  188  361
  4
  55  245  253  356
  2
  112  271
  4
  78  191  261  423
  2
  32  154
  4
  164  260  268  277
  3
  45  175  413
  3
  161  495  500
  5
  97  171  404  415  479
  3
  40  184  256
  5
  133  416  439  462  473
  5
  211  251  374  415  471
  5
  165  251  267  344  391
  4
  35  56  117  139
  3
  14  347  348
  4
  60  175  214  322
  2
  47  439
  2
  270  373
  5
  66  82  97  105  436
  4
  25  31  34  293
  3
  87  129  344
  4
  13  39  239  463
  5
  202  210  334  412  414
  3
  9  160  433
  2
  329  382
  4
  17  38  342  498
  4
  389  434  440  472
  2
  211  346
  2
  51  157
  2
  15  162
  2
  261  312
  2
  230  458
  4
  31  64  438  471
  5
  26  137  251  322  404
  5
  39  64  246  264  424
  2
  37  71
  4
  63  221  291  446
  4
  199  341  397  402
  5
  126  349  351  356  402
  4
  9  95  181  369
  4
  91  101  169  271
  2
  57  404
  5
  9  117  361  392  400
  5
  156  222  270  287  477
  2
  4  245
  4
  182  224  389  484
  4
  53  184  201  416
  2
  53  454
  5
  195  220  259  469  481
  3
  85  170  276
  5
  167  218  283  419  445
  3
  155  273  384
  5
  110  133  339  359  483
  3
  43  334  382
  5
  152  160  398  440  473
  3
  115  138  323
  2
  18  45
  3
  116  294  360
  3
  321  322  463
  5
  150  154  256  264  306
  5
  52  103  287  397  415
  5
  38  57  191  202  266
  3
  323  375  467
  2
  56  493
  4
  69  447  457  469
  3
  11  152  380
  3
  22  244  336
  2
  152  153
  3
  53  265  371
  2
  249  326
  3
  268  450  475
  3
  46  59  117
  5
  92  185  270  274  284
  3
  239  268  332
  2
  269  298
  5
  30  111  299  324  409
  5
  34  117  189  348  355
  5
  22  188  191  473  484
  3
  174  243  480
  3
  419  421  422
  3
  175  204  437
  3
  10  260  450
  2
  264  331
  4
  33  91  480  491
  5
  209  269  278  357  468
  4
  145  158  312  472
  5
  10  90  298  426  495
  3
  4  267  286
  3
  157  294  321
  3
  120  404  489
  5
  83  164  259  268  277
  5
  21  92  161  248  383
  3
  39  237  429
  4
  328  331  362  431
  4
  47  351  429  488
  4
  157  405  415  423
  2
  41  377
  4
  197  204  216  375
  5
  50  168  260  316  354
  5
  51  122  148  254  264
  2
  258  383
  3
  44  211  354
  4
  33  159  228  283
  2
  145  316
  4
  45  232  311  321
  2
  145  308
  5
  43  67  181  202  352
  5
  47  269  372  383  385
  3
  23  114  319
  4
  57  246  256  457
  2
  126  300
  4
  135  163  283  415
  5
  101  184  185  314  447
  3
  25  266  359
  4
  204  233  248  347
  4
  38  181  285  368
  5
  6  61  261  304  445
  2
  76  486
  2
  175  256
  5
  19  44  67  251  425
  3
  36  215  291
  4
  204  319  447  493
  3
  27  416  478
  5
  42  186  197  412  431
  3
  64  270  456
  3
  100  136  336
  3
  233  350  438
  2
  171  330
  3
  166  188  422
  2
  104  107
  2
  16  129
  5
  103  189  208  283  470
  3
  49  54  452
  3
  120  188  349
  2
  195  255
  5
  46  56  127  355  499
  2
  271  273
  5
  66  179  190  313  477
  4
  92  267  393  479
  4
  22  315  362  465
  3
  189  200  464
  3
  20  159  290
  4
  6  7  321  493
  2
  181  458
  2
  271  290
  4
  127  130  144  481
  4
  117  203  409  421
  5
  28  76  223  290  405
  3
  35  156  256
  5
  38  61  254  279  387
  3
  50  363  368
  2
  91  324
  5
  62  140  381  443  477
  3
  37  114  433
  5
  59  114  131  381  500
  2
  155  167
  4
  214  363  406  435
  5
  82  140  195  203  313
  2
  333  412
  4
  225  280  371  450
  3
  53  62  204
  5
  14  168  289  308  407
  5
  60  174  227  294  495
  2
  54  430
  4
  117  327  374  485
  5
  27  35  165  320  441
  2
  331  345
  3
  185  260  491
  4
  145  213  345  470
  2
  66  437
  5
  27  84  175  180  282
  5
  4  244  375  408  499
  2
  151  393
  4
  20  59  250  454
  5
  162  327  391  397  485
  3
  268  313  465
  2
  92  137
  4
  51  222  391  437
  4
  246  256  457  460
  3
  394  411  436
  5
  146  278  280  370  415
  2
  28  460
  4
  46  109  230  342
  2
  17  203
  2
  194  494
  5
  82  273  315  353  420
  4
  13  227  253  380
  2
  160  322
  4
  69  200  215  233
  4
  21  27  386  496
  3
  134  175  451
  3
  29  169  435
  2
  136  195
  5
  72  254  359  407  471
  5
  7  28  95  120  324
  5
  46  70  430  438  448
  5
  43  74  459  468  485
  5
  13  130  240  370  388
  3
  280  452  463
  5
  61  133  396  404  433
  4
  87  272  382  466
  4
  348  426  465  488
  2
  304  455
  2
  220  301
  4
  118  248  318  324
  3
  67  73  169
  4
  81  201  355  436
  2
  93  434
  5
  20  275  285  293  410
  4
  182  196  389  448
  4
  101  225  258  471
  5
  18  97  188  201  420
  2
  52  189
  5
  79  128  206  239  488
  2
  165  398
  2
  148  334
  2
  367  401
  3
  65  209  345
  3
  254  416  450
  4
  132  309  341  464
  2
  60  206
  4
  117  124  331  438
  3
  1  452  461
  2
  275  296
  5
  3  14  233  289  361
  2
  12  295
  2
  113  237
  3
  379  380  416
  4
  170  202  225  340
  4
  30  240  411  419
  5
  24  152  202  319  368
  3
  1  8  275
  3
  135  192  468
  2
  26  318
  3
  128  225  386
  5
  82  190  203  380  477
  5
  45  148  251  291  489
  5
  109  258  262  307  354
  5
  24  72  221  278  497
  5
  141  217  245  331  466
  2
  36  203
  2
  157  241
  2
  444  453
  4
  9  65  228  405
  4
  286  318  360  408
  2
  34  362
  5
  60  141  166  222  468
  4
  5  215  261  285
  3
  166  226  279
  4
  29  51  228  456
  5
  105  127  324  427  437
  3
  217  235  348
  5
  108  292  316  409  435
  5
  62  112  163  220  420
  2
  210  443
  4
  23  89  141  146
  2
  142  443
  4
  194  198  283  374
  3
  32  37  312
  3
  85  195  273
  2
  3  301
  3
  28  40  101
  3
  66  144  257
  5
  93  205  210  215  424
  3
  47  363  481
  3
  85  489  496
  2
  103  250
  3
  325  337  364
  4
  69  78  208  211
  3
  47  135  320
  3
  81  90  224
  5
  77  218  246  256  449
  5
  67  88  118  309  353
  5
  32  291  300  455  465
  2
  195  212
  5
  104  172  261  308  460
  2
  140  381
  3
  272  287  330
  3
  185  284  479
  3
  275  282  497
  3
  128  179  184
  3
  63  92  479
  5
  45  68  135  432  471
  5
  8  65  153  162  230
