  500  500
  11  2  19  1  1  2  6  19  17  7  12  18  14  19  2  13  10  12  10  7  17  6  10  14  17  13  1  19  7  2  12  4  19  5  7  5  5  20  13  20  12  18  4  15  13  8  9  17  20  9  16  14  8  9  3  10  15  18  18  5  6  7  9  7  8  14  9  19  13  17  10  5  1  14  8  4  10  9  16  20  14  17  3  4  19  9  1  5  6  5  20  12  2  11  20  14  8  10  1  9  2  18  11  3  10  7  4  4  11  4  12  16  13  2  8  16  16  13  12  11  7  15  11  15  6  5  2  11  13  17  12  19  8  15  1  11  12  3  6  15  10  3  1  17  3  8  15  14  12  11  19  17  7  2  20  12  15  9  11  18  5  17  1  3  15  16  14  15  15  6  17  14  9  18  12  6  7  18  19  14  17  19  6  1  7  13  15  12  15  3  18  6  17  15  6  13  18  4  13  2  17  18  9  16  4  18  14  16  1  12  2  14  3  2  10  8  4  2  7  3  16  3  15  1  2  6  5  8  8  7  13  9  3  3  14  10  18  20  13  19  13  13  13  9  15  12  1  17  14  13  2  5  8  6  10  19  7  6  9  17  16  7  2  15  1  10  5  5  13  14  7  13  6  11  4  4  3  2  5  15  5  3  9  3  3  8  2  10  2  14  19  8  19  13  5  5  1  10  10  4  1  4  16  5  17  10  15  10  2  5  12  15  20  2  9  12  19  10  8  19  16  8  3  10  18  14  6  1  20  1  5  16  20  14  10  19  12  16  19  13  4  10  1  8  9  10  17  9  6  18  16  3  13  20  9  6  2  11  19  12  15  17  19  6  19  3  5  20  4  14  8  1  15  1  14  15  1  15  13  13  9  11  2  12  4  6  9  6  7  13  15  4  14  11  9  3  3  10  15  3  7  10  20  19  17  12  16  13  20  6  5  7  10  7  7  19  10  18  17  16  14  18  4  13  9  18  6  16  15  15  4  6  5  20  6  5  6  14  5  19  15  9  16  7  4  18  7  14  10  16  20  16  5  14  20  7  15  20  16  11  2  11  17  13  19  19  3  6  18  15  9  19  12  7  4  9  6  9  17  8  3  15  13  14  7  3  4  2  6  6  4  14  17  17  16  6  16  6  11  10
  8
  77  112  119  166  201  268  324  382
  12
  86  121  141  166  205  304  352  377  415  460  462  490
  15
  1  28  108  114  160  183  216  275  330  340  377  433  463  483  484
  6
  79  91  96  333  347  436
  14
  48  94  102  130  178  190  209  274  351  411  418  419  433  499
  8
  138  148  256  258  268  343  381  399
  20
  9  128  185  191  199  217  233  249  365  374  378  406  409  421  469  480  481  482  486  491
  11
  32  34  54  70  106  146  188  237  298  403  433
  5
  52  139  222  319  375
  15
  52  155  173  228  265  266  280  282  288  289  327  351  413  419  495
  10
  28  36  99  206  218  257  310  329  347  378
  5
  47  56  158  187  386
  13
  71  84  87  145  208  255  256  314  323  335  355  377  444
  15
  16  36  73  97  194  344  351  358  382  387  428  436  442  451  475
  7
  234  235  283  310  357  382  472
  13
  45  94  130  158  200  238  267  356  413  436  467  490  492
  2
  114  368
  2
  203  413
  7
  60  63  136  162  176  189  294
  13
  68  100  110  219  229  327  328  345  355  387  437  465  495
  6
  66  221  254  265  296  469
  16
  28  48  110  114  155  297  304  305  323  388  409  414  433  447  452  469
  16
  2  21  36  87  90  189  210  218  225  241  256  328  344  367  381  402
  13
  11  38  138  210  272  325  351  432  463  474  485  488  489
  20
  16  21  74  91  98  107  108  114  134  191  201  233  291  298  367  428  433  440  451  472
  8
  31  39  102  157  210  307  345  353
  6
  49  122  123  160  466  470
  5
  16  63  96  151  402
  7
  33  47  70  229  240  257  421
  4
  264  368  381  385
  14
  52  65  86  87  117  132  229  231  233  276  284  409  417  485
  15
  13  30  92  107  170  184  188  234  287  319  369  383  395  438  476
  3
  183  388  495
  20
  39  47  97  116  126  135  147  161  179  209  231  233  251  332  355  358  371  424  472  474
  12
  6  62  93  139  179  231  272  273  353  356  368  421
  6
  98  146  147  402  420  469
  20
  2  14  19  190  203  223  252  274  281  308  316  343  398  414  428  449  463  466  468  486
  7
  195  215  319  390  392  409  465
  18
  14  58  69  92  141  147  261  269  275  322  323  347  368  390  404  425  449  456
  18
  7  82  84  98  153  170  188  204  250  285  299  333  334  361  403  417  442  474
  16
  10  24  46  54  65  84  155  176  197  212  221  240  241  273  405  416
  11
  22  87  130  166  171  183  201  244  291  356  363
  10
  89  97  168  173  177  224  273  337  354  477
  15
  159  194  239  258  262  272  276  279  345  352  355  439  453  463  471
  8
  73  84  198  277  326  338  371  402
  2
  357  448
  5
  9  34  130  201  442
  10
  37  41  289  296  311  313  317  335  342  354
  14
  48  95  105  145  263  320  340  344  372  430  436  461  462  486
  6
  65  99  128  248  312  469
  10
  2  79  139  144  152  210  247  368  378  386
  16
  14  42  76  81  123  126  132  156  168  311  347  379  392  462  477  496
  6
  69  142  166  251  311  410
  11
  100  113  170  272  282  285  308  455  458  484  490
  18
  2  42  60  79  121  141  164  205  235  238  250  330  337  352  365  448  472  492
  20
  27  61  145  204  208  212  233  236  237  246  247  259  264  272  311  318  320  345  391  428
  2
  138  320
  17
  16  42  56  81  85  139  148  154  169  177  218  285  310  338  360  401  463
  17
  10  26  40  75  96  108  122  124  126  140  175  216  292  345  438  467  493
  20
  27  54  108  137  175  179  192  260  276  305  326  380  400  411  423  440  444  473  485  491
  18
  21  23  62  80  85  168  173  250  251  254  261  262  321  342  427  445  475  481
  18
  84  88  89  108  126  151  194  223  241  247  307  310  393  427  469  472  482  487
  3
  30  241  406
  3
  38  285  367
  17
  11  93  150  174  188  204  221  234  243  249  268  298  329  332  341  355  440
  3
  411  443  455
  3
  115  138  313
  6
  34  103  117  136  337  446
  14
  50  78  80  85  120  130  251  281  309  312  337  420  428  476
  16
  4  12  27  84  90  102  124  129  142  300  354  376  414  434  465  471
  11
  3  28  75  128  137  158  231  241  430  452  497
  6
  4  107  113  115  307  418
  19
  4  34  77  83  111  129  208  228  266  333  344  355  366  384  411  456  471  478  487
  5
  19  119  135  167  452
  5
  39  145  243  297  473
  4
  10  53  147  340
  18
  43  104  108  116  163  177  299  304  319  334  347  364  401  404  425  426  430  463
  10
  64  73  133  142  200  229  414  422  474  491
  20
  38  55  59  75  79  137  155  193  213  298  339  346  354  376  419  460  472  486  490  491
  2
  58  236
  13
  43  81  165  174  179  208  351  355  362  392  416  420  471
  9
  1  204  224  284  361  387  422  489  494
  7
  15  88  91  268  278  402  484
  19
  6  37  43  47  50  177  197  232  244  275  331  356  363  364  366  404  476  478  494
  15
  7  28  63  82  137  146  202  225  228  247  251  292  359  394  499
  20
  26  55  72  80  118  124  133  152  158  188  292  294  311  326  367  428  436  479  489  498
  20
  21  30  94  134  144  155  181  212  219  297  330  343  362  364  399  403  425  433  439  493
  12
  23  138  172  223  275  282  295  317  361  394  418  476
  17
  22  76  84  105  157  172  214  287  346  348  351  360  366  369  379  418  462
  9
  54  109  116  151  199  234  284  311  457
  19
  54  67  108  116  126  155  161  166  176  204  218  245  308  330  334  370  436  446  481
  18
  36  40  86  91  102  117  150  167  230  265  271  274  280  344  354  378  382  425
  8
  296  298  300  319  356  363  426  499
  16
  62  68  107  153  188  210  257  265  282  286  289  296  298  358  374  479
  11
  40  54  123  180  225  231  286  370  390  427  482
  10
  57  131  181  226  281  312  342  348  426  450
  11
  109  183  231  333  364  375  387  411  464  467  478
  8
  34  125  129  208  409  410  419  452
  9
  34  133  138  185  226  325  433  448  479
  19
  22  112  121  174  213  234  244  273  285  287  290  296  428  439  443  487  495  498  499
  14
  46  103  107  122  131  136  178  230  258  318  381  418  419  483
  17
  28  77  94  117  133  161  174  202  226  263  343  352  366  399  414  446  480
  2
  266  448
  6
  52  270  308  336  418  460
  16
  87  115  161  188  287  310  338  342  343  416  440  445  454  482  486  500
  4
  27  143  153  440
  14
  97  128  150  160  222  227  261  354  368  405  415  443  462  490
  8
  204  210  250  354  368  373  431  490
  8
  44  71  193  242  269  286  344  429
  7
  173  267  269  297  313  399  409
  16
  36  69  174  201  214  220  238  258  287  307  345  412  458  466  479  488
  13
  49  57  76  90  142  145  289  310  325  362  384  394  483
  11
  2  13  40  189  216  232  237  289  343  346  409
  16
  40  77  119  120  136  196  264  269  315  328  334  344  366  470  483  495
  16
  77  79  126  130  151  210  254  273  288  339  352  407  462  464  476  494
  12
  35  133  139  145  198  212  223  227  286  312  449  478
  18
  22  71  100  130  187  204  241  244  287  295  316  331  350  358  373  436  489  495
  6
  28  43  170  291  322  489
  20
  22  73  109  121  180  186  206  209  224  295  333  337  350  370  383  411  417  440  458  461
  16
  13  58  85  93  111  172  188  197  309  322  335  364  385  390  453  459
  13
  2  85  86  179  203  267  276  289  297  344  373  432  440
  13
  21  23  59  150  191  226  277  344  418  419  430  455  474
  4
  11  100  365  439
  11
  20  43  47  97  167  210  234  237  358  466  490
  4
  21  67  84  275
  5
  58  83  86  247  310
  15
  14  28  50  76  105  179  188  316  359  372  417  424  454  466  491
  11
  38  93  263  279  302  359  440  452  464  469  479
  12
  15  46  158  162  181  199  275  308  414  427  438  470
  9
  63  151  204  282  287  309  373  441  445
  7
  27  75  83  208  313  382  469
  10
  36  76  216  218  310  316  379  475  488  496
  20
  41  45  77  101  105  114  198  235  237  267  292  311  317  337  352  380  395  405  408  409
  16
  2  11  56  76  127  146  178  249  301  313  345  353  390  411  412  420
  14
  40  78  97  108  111  115  118  159  207  243  265  271  305  377
  19
  9  10  34  60  64  72  102  146  190  197  253  268  281  288  340  387  416  481  485
  18
  3  8  39  53  55  85  142  167  207  224  242  247  260  293  376  386  438  441
  14
  21  69  119  123  231  236  275  299  336  356  391  404  443  464
  18
  49  68  119  123  136  158  179  240  299  345  349  387  395  415  441  475  483  493
  15
  4  35  123  171  200  207  244  261  268  275  341  351  358  402  473
  18
  15  20  25  31  61  116  119  122  147  152  270  296  327  344  354  402  440  479
  7
  166  259  294  317  369  371  474
  12
  39  74  90  162  195  269  354  355  378  387  396  434
  9
  21  103  255  275  325  367  459  466  474
  5
  215  294  326  403  411
  18
  35  40  55  60  120  187  212  261  282  300  336  340  342  377  389  442  450  466
  4
  73  227  357  440
  8
  44  145  160  165  195  217  351  473
  3
  113  346  491
  14
  8  11  69  101  163  170  207  224  231  293  305  357  370  377
  10
  106  138  181  196  257  368  432  434  463  480
  16
  19  91  104  144  150  182  225  305  318  335  336  366  384  435  456  498
  16
  24  69  78  156  217  237  259  265  304  320  404  415  427  429  493  498
  17
  56  59  84  87  134  161  162  256  260  294  295  321  324  354  361  398  460
  9
  234  264  304  347  386  391  420  424  464
  9
  38  92  131  161  242  280  332  442  481
  15
  16  22  86  175  177  190  191  227  257  289  343  377  389  457  494
  14
  72  84  117  126  167  174  201  269  282  292  303  318  341  462
  18
  4  10  18  71  105  160  166  193  204  222  245  315  337  349  372  385  431  485
  20
  24  37  50  71  80  92  101  107  163  178  182  183  199  281  319  333  440  464  472  480
  8
  8  26  149  160  252  334  351  388
  5
  166  167  203  266  495
  12
  11  53  87  122  162  163  170  217  412  420  423  433
  17
  1  5  36  58  62  77  101  107  121  134  249  269  410  423  446  467  498
  18
  9  28  53  78  87  89  94  143  268  302  307  322  334  385  409  432  456  466
  8
  37  265  292  324  356  362  458  462
  5
  43  306  345  439  459
  18
  28  37  66  88  123  149  150  164  202  269  277  292  319  360  396  412  438  466
  6
  11  67  73  168  396  408
  19
  71  154  157  171  175  244  251  256  263  325  330  409  432  433  434  445  451  463  467
  12
  11  20  101  172  243  289  348  391  450  451  469  479
  15
  101  117  124  130  165  175  192  200  210  229  281  306  312  353  481
  13
  10  105  115  127  188  204  367  368  372  408  451  455  483
  2
  25  166
  10
  10  58  80  134  161  311  378  390  472  478
  8
  104  105  268  327  373  467  475  485
  9
  119  141  207  266  279  283  306  397  427
  18
  45  52  54  125  126  173  175  198  244  246  288  294  327  329  374  375  397  492
  10
  3  53  194  262  301  348  381  458  461  468
  16
  36  140  171  207  218  273  284  305  325  334  335  350  370  399  449  474
  14
  43  56  63  80  158  224  259  307  371  373  375  397  431  448
  19
  52  84  88  109  126  170  174  193  213  252  271  307  324  370  386  391  396  469  499
  3
  40  236  273
  10
  1  2  18  56  253  317  416  444  447  473
  4
  100  137  249  473
  20
  3  96  117  118  143  145  165  217  227  272  273  322  347  364  370  410  413  436  473  500
  3
  13  155  239
  14
  18  45  68  83  96  130  155  158  257  300  325  352  418  493
  11
  7  61  193  281  319  370  380  453  468  477  491
  11
  27  151  238  253  287  293  324  366  379  403  411
  4
  65  72  364  437
  6
  38  64  296  384  426  480
  11
  162  186  255  256  264  288  338  375  428  458  488
  7
  111  160  187  250  329  361  475
  4
  12  206  303  405
  11
  2  3  87  186  238  279  301  310  374  395  447
  2
  257  260
  19
  14  31  54  85  102  139  152  176  206  209  233  255  263  330  416  441  462  472  476
  6
  92  104  124  271  407  487
  19
  5  38  45  55  59  65  122  125  138  166  220  279  337  352  368  389  399  414  425
  9
  26  229  256  285  294  295  305  422  480
  14
  48  92  127  138  142  211  235  324  331  370  428  443  484  498
  14
  80  89  97  191  196  232  238  246  307  308  332  354  447  451
  20
  1  15  41  108  117  137  149  211  264  272  292  293  381  383  384  395  396  444  467  500
  7
  119  144  173  235  266  285  499
  4
  41  119  194  309
  10
  9  46  136  144  257  393  427  462  466  473
  19
  67  106  134  137  167  171  175  182  202  221  266  330  412  464  471  475  485  491  495
  4
  50  367  402  447
  13
  23  39  65  74  169  231  246  291  332  341  398  432  492
  5
  17  36  161  328  445
  9
  23  132  139  149  203  371  429  435  490
  14
  86  103  121  132  141  159  166  217  234  280  298  379  436  468
  12
  121  128  153  205  210  221  329  376  378  391  435  475
  6
  156  166  182  231  365  441
  3
  61  177  433
  3
  83  351  454
  3
  114  274  438
  4
  25  31  203  398
  17
  8  14  55  65  118  120  137  236  327  342  349  354  355  414  415  438  457
  10
  7  144  170  221  239  275  339  340  341  427
  10
  6  24  58  60  104  132  160  244  276  425
  17
  5  7  20  121  190  208  216  255  263  306  346  359  398  400  405  418  434
  15
  41  57  112  140  154  209  214  264  302  380  400  402  431  456  491
  17
  33  48  63  82  106  120  138  152  167  169  255  284  330  345  449  478  482
  9
  58  77  83  230  270  302  342  354  361
  19
  5  15  39  85  90  103  147  220  232  241  287  288  306  314  337  353  452  479  485
  8
  66  80  267  324  404  420  432  433
  15
  40  42  52  209  210  253  320  350  352  369  382  432  438  465  481
  13
  60  64  67  77  125  161  200  223  232  270  288  339  457
  12
  25  32  81  140  197  310  384  397  424  450  493  500
  17
  17  40  82  120  127  190  230  265  283  289  319  330  340  371  413  421  487
  6
  39  59  188  237  365  402
  18
  23  39  42  118  170  233  237  238  256  264  268  287  299  302  363  412  442  483
  4
  32  33  151  253
  4
  173  202  331  406
  15
  58  61  123  134  137  191  196  203  220  294  345  373  419  428  457
  5
  148  162  218  334  499
  2
  240  363
  16
  49  112  113  168  178  231  233  247  250  288  403  409  445  450  452  490
  9
  13  73  188  224  249  260  327  333  488
  14
  40  57  65  99  154  165  220  223  318  334  336  341  367  441
  8
  2  147  154  205  277  379  391  470
  8
  93  186  232  291  326  338  359  497
  3
  129  213  285
  10
  46  70  78  94  100  145  154  159  189  212
  20
  25  46  54  64  65  73  99  151  158  208  215  310  367  387  388  410  422  486  497  498
  4
  38  168  316  496
  8
  56  95  181  254  358  378  412  449
  2
  84  484
  9
  169  212  265  308  341  346  393  421  439
  6
  42  63  144  465  481  496
  12
  47  131  132  159  184  200  241  303  309  325  401  419
  12
  71  79  91  130  136  144  210  270  291  369  435  469
  7
  12  127  145  217  238  314  478
  6
  6  71  75  94  278  500
  20
  3  24  31  62  82  122  134  161  175  215  264  310  315  330  347  360  449  461  476  496
  10
  24  28  122  194  200  245  391  433  437  450
  18
  13  57  81  125  143  160  172  174  175  186  232  269  271  359  414  426  434  450
  18
  1  14  52  67  74  96  118  127  161  162  180  183  212  329  340  350  390  462
  17
  9  33  67  102  110  134  167  202  222  276  323  338  364  450  456  488  491
  18
  3  13  22  44  112  147  148  158  171  232  247  286  299  303  309  370  403  418
  3
  269  449  489
  10
  72  101  111  163  199  201  259  291  378  391
  16
  10  14  45  97  111  154  167  220  286  290  324  352  364  446  459  472
  14
  5  27  106  180  183  197  207  228  236  289  397  404  491  494
  4
  67  153  295  429
  5
  50  59  177  214  299
  7
  71  144  303  308  309  322  348
  6
  83  93  360  404  418  476
  15
  8  27  94  110  141  223  265  267  348  353  371  382  432  453  458
  18
  18  41  51  70  78  157  161  249  259  273  357  366  382  414  440  465  482  493
  9
  142  154  248  284  371  406  414  437  460
  10
  21  83  133  160  170  347  364  366  442  471
  7
  91  105  192  215  324  456  459
  8
  58  110  123  294  297  352  452  486
  16
  23  76  137  153  158  193  245  299  326  371  390  398  427  435  439  447
  2
  380  474
  2
  215  479
  5
  42  87  331  368  398
  7
  17  63  127  131  206  348  376
  4
  13  257  261  350
  16
  2  4  90  98  112  119  193  246  273  297  317  400  456  460  468  470
  20
  37  50  85  102  160  223  233  247  320  335  341  349  386  420  427  428  441  444  469  492
  20
  15  27  36  50  107  114  127  134  140  152  166  238  388  415  426  429  433  454  474  489
  7
  64  141  228  235  359  427  500
  10
  1  58  129  136  229  382  396  407  412  429
  20
  1  19  54  65  76  93  97  123  129  151  178  193  229  329  389  397  427  455  477  495
  15
  66  93  139  173  213  214  319  322  358  377  378  383  401  420  424
  20
  3  14  24  59  63  91  99  132  142  147  210  233  281  338  366  376  386  389  462  481
  2
  180  220
  14
  5  46  172  198  244  254  260  385  397  399  404  408  467  500
  5
  2  80  176  214  416
  2
  76  160
  17
  42  68  70  156  175  205  214  254  256  257  259  307  350  359  384  477  498
  19
  19  38  82  114  117  120  157  191  234  277  284  297  299  301  314  331  366  378  440
  2
  22  385
  5
  98  302  334  430  463
  20
  62  113  122  125  148  214  228  236  248  315  349  351  354  374  379  453  460  464  467  490
  2
  4  16
  20
  9  70  74  75  87  94  153  182  208  212  235  246  249  281  297  374  393  415  439  497
  12
  124  221  277  322  328  337  341  344  367  382  388  418
  16
  31  39  60  65  108  139  147  193  226  253  254  267  343  371  382  460
  14
  20  54  61  141  190  191  223  270  332  347  357  398  424  433
  7
  10  80  84  190  273  378  438
  9
  96  103  106  180  197  200  302  415  472
  15
  6  14  43  126  153  199  254  256  279  291  353  370  382  440  447
  6
  51  104  161  170  274  412
  16
  23  50  59  82  123  136  153  221  243  245  374  384  386  403  415  428
  5
  34  182  223  320  435
  17
  21  28  47  178  212  220  238  245  250  278  286  391  405  438  463  483  496
  7
  116  130  248  387  463  489  497
  15
  95  110  115  154  167  248  265  272  289  379  395  404  405  433  460
  5
  112  315  322  425  458
  11
  52  157  193  209  212  324  353  412  425  463  498
  10
  8  51  136  173  186  251  266  298  452  497
  20
  132  140  147  149  170  174  177  179  216  238  239  288  290  314  335  338  348  369  370  420
  2
  106  391
  17
  7  21  70  71  76  86  87  115  147  190  250  321  368  381  386  395  486
  2
  171  256
  12
  41  133  138  143  208  224  254  258  387  421  441  475
  9
  39  146  151  266  323  326  370  455  486
  16
  23  40  47  48  65  104  120  123  141  324  328  349  369  411  433  438
  9
  32  44  58  103  142  353  393  412  438
  16
  11  21  71  135  175  224  271  273  285  324  328  337  361  428  440  444
  20
  27  52  76  101  118  120  123  126  139  173  187  221  237  259  391  436  449  452  465  466
  16
  117  153  217  218  267  287  313  332  347  358  414  422  423  430  469  476
  3
  67  283  351
  9
  64  128  172  190  192  216  225  285  379
  14
  45  75  94  143  175  196  258  268  274  276  307  345  363  477
  2
  43  291
  12
  27  50  68  140  178  247  290  301  329  401  425  467
  19
  2  34  38  124  126  137  141  204  221  223  230  283  334  377  394  398  426  464  466
  9
  20  22  45  164  187  212  372  414  459
  14
  9  45  58  74  127  134  148  154  183  217  376  384  385  426
  7
  134  172  174  342  351  393  410
  6
  107  109  128  159  309  494
  9
  93  121  137  230  250  327  331  480  498
  19
  38  40  44  82  91  125  144  149  169  170  188  239  254  295  317  374  383  417  425
  14
  110  119  142  174  186  201  211  255  319  339  353  377  399  475
  2
  273  338
  13
  6  16  43  62  98  137  141  188  213  247  336  414  460
  20
  1  9  11  22  171  224  227  229  231  235  244  251  270  299  341  366  369  396  463  484
  12
  100  102  136  184  240  263  270  320  339  361  412  445
  3
  351  399  408
  18
  45  66  81  87  119  122  126  170  196  258  260  287  295  351  355  383  476  490
  12
  97  136  193  213  230  274  280  285  294  335  395  462
  16
  6  15  67  133  158  218  228  332  354  364  368  418  456  457  466  483
  14
  28  34  75  162  167  241  292  320  323  374  396  398  402  448
  12
  15  39  70  187  210  280  281  285  286  332  378  444
  18
  8  52  78  140  165  199  203  226  240  241  270  320  364  403  410  435  448  495
  4
  215  425  497  498
  6
  203  212  350  445  471  479
  11
  19  153  158  196  284  333  336  360  365  422  455
  2
  150  201
  19
  40  67  93  121  126  148  149  155  208  213  259  290  340  346  409  425  438  472  491
  11
  83  133  176  247  267  302  348  383  449  469  498
  14
  30  178  189  214  230  235  292  327  331  408  432  434  440  450
  17
  49  50  71  74  179  180  188  193  239  332  340  376  408  436  479  498  500
  16
  21  64  97  118  147  170  184  190  203  259  267  357  413  427  435  468
  12
  7  75  203  282  330  340  390  408  435  456  465  482
  11
  7  37  65  188  200  233  287  298  397  399  484
  15
  23  27  134  170  190  209  233  250  274  285  307  397  427  474  487
  19
  45  68  147  186  225  234  243  313  314  370  375  399  427  431  440  446  467  498  499
  17
  16  17  54  88  99  137  186  196  243  264  348  351  364  386  407  416  470
  2
  110  167
  6
  99  255  316  368  390  440
  8
  36  267  275  305  307  387  411  468
  12
  13  114  162  235  264  292  328  339  376  467  469  490
  3
  173  240  426
  20
  60  74  100  143  166  172  183  215  223  268  317  327  329  373  396  400  408  469  477  499
  2
  262  330
  5
  11  18  72  197  216
  13
  12  24  59  173  179  198  208  268  351  368  405  450  474
  14
  15  40  98  109  162  193  206  287  289  309  324  392  398  406
  19
  19  26  30  81  123  184  194  207  243  244  311  341  358  359  396  400  420  447  477
  2
  9  121
  6
  48  80  155  317  332  436
  10
  49  117  141  229  255  319  326  345  368  403
  13
  16  83  101  108  136  186  235  242  294  394  409  440  451
  7
  10  33  73  144  164  330  357
  6
  34  281  293  343  344  371
  14
  53  78  115  117  148  183  231  236  284  379  403  414  474  498
  18
  7  14  37  143  144  145  148  167  183  193  232  235  249  250  315  398  439  445
  8
  9  87  99  139  161  252  310  320
  2
  285  402
  16
  3  64  84  96  178  180  217  222  244  292  320  324  380  416  444  446
  3
  139  301  303
  12
  64  108  144  170  292  299  310  354  377  467  477  498
  18
  11  39  51  79  88  91  100  108  256  266  268  291  298  348  370  415  485  497
  17
  2  12  17  53  66  92  110  143  185  190  243  315  331  337  394  450  459
  14
  56  81  113  171  204  227  241  247  282  304  310  381  422  498
  13
  7  26  39  154  173  174  207  266  394  443  447  451  492
  13
  18  32  106  193  200  243  252  316  392  426  442  443  467
  16
  4  23  207  218  231  235  258  288  303  323  339  379  384  456  465  489
  2
  5  273
  18
  53  55  69  76  147  152  162  282  320  330  331  334  365  369  391  400  466  470
  13
  5  16  87  98  185  196  248  298  338  413  415  424  447
  4
  84  167  237  288
  18
  16  123  158  182  195  212  222  258  287  301  319  330  388  434  443  473  481  494
  13
  5  35  52  81  119  184  186  207  272  287  328  384  430
  11
  30  71  132  178  261  278  282  313  317  355  362
  20
  36  70  97  128  164  178  208  210  222  238  257  312  316  324  361  378  417  435  455  478
  12
  29  34  51  116  205  219  262  277  279  401  415  477
  11
  24  35  39  55  128  219  364  389  394  466  498
  19
  32  42  53  66  67  70  102  130  131  167  245  299  330  333  368  388  391  423  493
  7
  12  128  290  319  381  408  480
  4
  82  175  202  338
  9
  34  101  150  222  263  269  362  423  428
  9
  29  64  171  280  332  390  421  496  498
  17
  4  11  75  101  143  180  194  204  235  292  315  318  394  401  432  437  485
  3
  235  342  442
  16
  49  101  104  114  140  185  195  198  268  315  362  400  452  455  485  488
  6
  59  170  177  207  239  450
  6
  45  174  245  376  404  432
  9
  96  124  146  208  254  271  272  277  305
  3
  85  214  373
  9
  29  79  128  142  197  269  283  386  481
  3
  73  249  261
  15
  31  32  43  165  263  320  335  350  378  400  409  429  433  447  457
  16
  2  6  21  61  67  162  222  240  242  277  282  313  360  399  401  410
  16
  5  13  98  136  168  194  230  237  249  266  329  337  424  445  485  489
  15
  20  23  26  86  208  295  297  314  316  334  364  422  445  447  453
  13
  10  13  81  95  150  252  293  381  385  393  394  482  498
  11
  178  243  244  255  297  317  340  396  429  447  455
  14
  81  83  95  113  114  131  169  332  358  413  423  439  483  497
  15
  4  9  55  77  147  158  248  329  335  357  369  376  387  433  485
  8
  47  77  113  180  231  280  325  439
  5
  42  90  130  250  450
  17
  17  26  97  124  130  138  151  169  182  256  287  412  426  427  435  464  471
  5
  62  87  303  416  500
  17
  32  48  72  104  106  119  123  133  144  154  157  166  183  253  299  436  442
  19
  75  83  118  119  136  140  158  166  217  229  266  280  305  310  332  346  426  434  444
  19
  30  33  82  87  107  125  145  152  179  194  198  272  284  337  347  350  383  439  473
  9
  30  63  163  278  310  340  349  425  456
  19
  35  86  103  166  168  236  238  240  294  311  333  359  370  431  450  467  479  486  490
  9
  23  53  63  128  153  244  255  264  293
  19
  46  139  160  199  234  244  289  302  304  306  347  362  398  408  411  425  439  440  474
  7
  7  74  95  162  189  321  493
  9
  118  192  259  324  373  423  447  484  496
  4
  69  173  296  311
  20
  44  65  78  159  183  185  188  192  193  225  269  274  308  331  351  364  386  389  474  489
  5
  3  9  232  241  256
  14
  9  21  72  109  127  175  178  181  190  204  294  344  413  472
  15
  47  62  67  94  149  155  157  170  261  305  349  352  397  412  420
  13
  13  62  69  96  133  227  300  337  381  404  409  420  433
  15
  2  56  81  82  100  128  245  250  269  276  337  379  383  469  492
  20
  5  10  43  64  81  105  152  196  244  273  278  280  294  300  308  328  368  379  460  481
  14
  47  55  96  119  140  155  182  254  303  320  321  383  385  480
  10
  7  30  104  126  181  222  240  268  348  441
  15
  38  98  139  173  212  235  254  349  350  354  402  442  446  462  469
  11
  24  44  95  99  228  307  324  348  421  475  496
  5
  51  54  229  445  460
  17
  4  12  54  88  114  119  182  229  251  278  283  328  372  388  394  427  436
  4
  56  150  161  410
  5
  39  172  192  292  413
  15
  51  140  168  211  214  225  234  243  304  346  353  363  391  449  458
  13
  49  61  127  212  262  290  317  318  332  347  356  391  484
  20
  40  58  65  116  160  173  222  223  355  371  381  383  389  399  427  444  457  464  467  469
  3
  29  206  468
  17
  38  56  115  162  177  224  239  243  245  292  299  304  345  352  386  405  463
  11
  86  145  169  179  228  259  347  348  411  464  471
  14
  42  47  101  105  106  140  179  249  275  311  317  330  338  496
  11
  1  101  115  130  190  214  222  263  324  468  486
  18
  1  63  111  154  157  244  246  263  281  285  320  346  350  371  374  403  418  477
  10
  30  35  94  136  172  177  259  309  404  493
  7
  36  54  106  276  352  368  457
  19
  15  44  62  81  106  150  175  190  199  224  225  272  339  361  392  435  467  470  480
  2
  82  431
  11
  41  86  111  131  152  195  223  279  329  388  407
  18
  29  30  50  60  68  97  101  128  152  196  234  281  293  333  382  416  448  463
  11
  66  79  175  232  303  346  406  419  448  461  462
  10
  13  112  140  182  209  234  470  472  480  492
  9
  29  44  124  225  259  339  388  458  465
  5
  184  287  374  381  449
  8
  65  74  257  376  380  412  417  490
  15
  51  52  115  147  169  170  175  218  282  302  323  392  449  464  488
  10
  57  58  106  121  189  191  193  231  409  421
  13
  7  28  67  69  74  98  99  222  329  333  414  443  476
  8
  3  35  167  196  207  347  462  478
  17
  14  18  54  74  77  111  126  160  204  241  243  339  363  368  402  466  493
  8
  45  74  97  145  329  440  451  471
  9
  180  208  225  298  327  392  394  470  486
  17
  33  37  43  78  83  121  164  228  265  294  343  378  382  405  431  444  479
  5
  194  214  249  323  327
  16
  13  26  74  77  163  209  271  296  322  323  352  354  356  379  389  449
  8
  124  125  168  241  273  325  347  498
  15
  35  64  175  199  228  231  235  253  288  295  324  386  430  467  474
  19
  27  175  180  186  216  219  231  246  287  299  304  310  328  335  383  413  416  432  446
  13
  92  127  157  178  193  209  281  379  387  395  422  438  495
  12
  154  189  205  209  245  246  303  315  337  377  393  437
  11
  48  119  123  126  153  173  206  223  424  449  458
  5
  40  50  129  265  433
  4
  14  301  302  358
  15
  11  19  36  65  129  158  172  176  186  223  253  332  362  416  497
  20
  47  48  75  103  131  153  244  276  282  295  331  338  348  388  393  417  458  472  477  483
  7
  3  15  161  222  345  462  482
  17
  26  52  55  63  80  106  111  115  126  142  171  199  354  362  398  413  490
  20
  48  73  91  104  167  189  196  205  225  261  286  288  299  306  368  390  397  441  461  495
  6
  11  120  213  358  403  426
