  2500  500
  3  8  19  6  5  14  6  13  3  13  1  18  6  3  18  16  4  20  10  13  2  7  15  4  2  2  16  9  13  6  16  18  11  19  8  2  7  16  1  9  13  12  15  4  15  2  8  3  19  6  10  9  7  3  16  8  4  8  4  16  6  9  7  6  4  5  17  8  6  17  8  12  19  14  13  15  12  19  3  15  5  13  17  20  8  9  7  2  13  15  15  3  8  5  16  4  6  17  16  10  18  19  5  6  7  14  17  6  7  5  13  3  6  14  12  11  7  17  16  10  15  19  2  20  11  13  8  8  5  12  18  6  17  7  7  15  16  6  2  4  6  13  14  10  9  1  7  15  7  11  7  14  5  5  17  2  18  6  17  10  10  6  7  13  10  1  18  10  20  15  5  13  7  19  7  11  2  10  17  6  17  16  6  15  12  9  15  16  20  15  14  11  11  16  3  14  11  1  11  6  11  16  10  2  17  4  5  3  16  7  11  5  18  4  6  6  19  2  12  1  12  12  9  7  12  7  14  7  3  2  4  2  18  4  2  16  2  2  8  19  3  15  20  8  14  11  5  1  8  6  17  17  11  13  18  16  3  4  11  3  10  10  11  2  10  14  1  3  10  4  3  17  11  14  20  10  10  3  6  16  18  17  3  18  2  8  9  2  10  3  11  14  16  13  20  12  20  14  14  15  20  18  6  9  15  3  20  20  6  5  5  15  8  2  1  13  17  11  10  12  3  8  2  5  19  19  12  4  9  12  16  11  6  2  14  9  11  19  8  8  18  7  6  16  10  15  17  15  6  5  20  2  6  3  11  9  3  20  13  10  7  11  8  20  10  19  13  10  4  18  11  18  1  15  14  15  12  17  3  11  6  8  13  12  13  16  10  17  20  2  17  14  3  10  5  20  3  14  16  2  14  11  14  13  13  14  7  5  20  18  2  19  12  9  14  6  4  4  5  13  9  11  1  19  1  11  13  10  10  3  16  3  2  13  4  15  20  18  7  17  5  11  13  20  6  16  9  2  18  3  12  7  8  8  6  16  13  5  13  5  10  4  14  13  19  3  13  10  7  15  6  8  12  20  1  5  12  15  3  19  13  4  7  20  5  19  9  7  8  14  19  3  7  18  10  17  15  11  13  6
  2
  53  59
  3
  13  56  141
  5
  7  15  247  471  486
  2
  257  418
  5
  141  183  239  392  461
  2
  263  396
  5
  70  166  169  180  477
  4
  283  301  399  436
  3
  97  124  189
  2
  363  383
  5
  117  231  277  377  480
  5
  265  369  423  455  465
  5
  39  64  329  337  495
  2
  308  401
  4
  140  162  398  493
  2
  17  276
  3
  150  175  364
  4
  2  195  306  348
  2
  203  232
  5
  18  150  236  327  424
  3
  171  335  493
  5
  87  150  239  400  443
  4
  218  346  384  416
  4
  13  318  375  406
  3
  26  82  255
  2
  283  443
  4
  246  253  312  427
  4
  58  365  380  443
  2
  302  366
  4
  40  121  148  360
  2
  249  379
  5
  215  262  331  377  411
  4
  117  276  310  328
  4
  256  324  400  403
  3
  46  159  198
  5
  256  279  398  401  423
  2
  45  481
  2
  373  379
  5
  119  195  239  394  402
  4
  17  147  227  479
  5
  113  190  203  206  439
  3
  81  143  483
  5
  172  211  352  451  463
  3
  22  145  423
  5
  69  104  230  333  414
  3
  170  290  500
  5
  260  383  420  455  475
  4
  39  197  256  386
  2
  407  423
  5
  43  53  163  305  442
  4
  208  262  462  463
  3
  67  118  500
  4
  39  188  321  492
  5
  34  56  262  295  342
  4
  61  268  381  404
  5
  33  119  212  412  431
  5
  200  210  260  359  364
  4
  46  61  389  447
  4
  75  134  285  341
  2
  179  464
  2
  1  170
  4
  155  307  388  390
  5
  52  200  268  317  399
  5
  28  50  79  113  286
  2
  86  441
  5
  5  46  104  292  475
  5
  37  45  275  391  454
  4
  106  123  207  245
  5
  13  67  72  78  499
  4
  177  198  395  409
  2
  325  434
  3
  76  377  469
  5
  18  228  276  394  462
  4
  2  108  371  399
  2
  445  494
  2
  343  396
  2
  201  320
  5
  47  292  383  474  494
  2
  234  488
  3
  46  269  307
  4
  26  257  293  436
  2
  41  221
  3
  93  185  456
  5
  58  125  168  222  335
  3
  272  333  412
  3
  64  84  373
  2
  98  202
  2
  307  487
  5
  189  254  330  331  388
  3
  36  168  343
  3
  308  340  459
  5
  83  100  163  256  411
  2
  175  225
  2
  88  317
  2
  50  78
  4
  56  339  387  402
  2
  49  401
  3
  68  237  259
  5
  76  156  285  290  351
  4
  99  145  346  496
  5
  101  215  227  322  470
  2
  113  367
  3
  152  348  406
  4
  16  55  238  449
  4
  192  328  454  481
  3
  43  80  449
  5
  15  50  314  473  498
  2
  90  278
  5
  43  71  96  144  435
  4
  136  180  250  342
  2
  99  259
  4
  18  48  150  272
  3
  349  423  458
  5
  11  38  132  164  412
  4
  19  196  200  497
  5
  51  198  235  374  410
  5
  33  119  305  375  487
  4
  56  170  191  412
  3
  135  156  198
  2
  340  453
  4
  133  190  324  461
  4
  168  340  375  456
  5
  45  95  188  398  433
  3
  177  312  471
  4
  63  122  137  417
  2
  179  323
  3
  44  89  150
  5
  119  154  210  411  454
  5
  40  73  90  101  285
  4
  348  392  430  435
  2
  393  404
  2
  144  361
  4
  140  392  395  429
  3
  108  270  291
  5
  12  19  35  57  318
  3
  7  70  467
  5
  33  62  293  362  484
  4
  55  354  428  439
  3
  240  341  368
  2
  202  284
  4
  25  87  163  458
  4
  42  143  240  263
  5
  76  200  308  359  443
  4
  74  235  245  479
  5
  244  287  324  414  426
  3
  7  186  447
  3
  175  184  479
  4
  61  65  287  376
  2
  213  405
  2
  318  385
  2
  437  438
  5
  202  301  347  352  394
  3
  157  176  199
  4
  135  323  383  451
  2
  355  411
  4
  104  108  286  408
  4
  167  230  400  412
  5
  8  64  263  269  373
  3
  154  213  260
  3
  9  376  476
  3
  55  90  342
  2
  474  489
  4
  41  79  97  181
  2
  112  343
  3
  79  150  384
  5
  140  277  435  439  468
  2
  429  498
  5
  12  260  276  349  462
  4
  104  170  299  483
  2
  119  276
  3
  59  401  500
  5
  125  156  157  192  384
  3
  148  259  352
  5
  159  204  283  296  498
  3
  48  276  371
  4
  156  169  172  395
  5
  157  381  439  451  463
  3
  201  215  312
  4
  57  171  245  292
  4
  36  267  378  457
  5
  92  100  109  447  497
  2
  4  157
  3
  188  298  352
  5
  40  126  418  422  461
  2
  49  288
  4
  94  301  327  468
  2
  187  231
  5
  7  171  211  231  304
  2
  238  494
  4
  167  233  396  400
  5
  121  181  194  196  236
  3
  48  208  390
  5
  179  199  316  366  407
  2
  177  433
  5
  111  124  158  320  466
  5
  40  88  129  339  478
  4
  79  302  490  499
  5
  80  176  221  334  473
  5
  106  347  362  367  377
  3
  217  392  408
  5
  53  164  263  382  443
  3
  389  446  469
  3
  47  276  278
  4
  55  199  269  306
  2
  152  411
  5
  148  242  307  433  434
  2
  358  360
  3
  75  118  150
  4
  36  48  244  413
  5
  56  177  243  361  454
  4
  80  117  118  354
  5
  8  26  65  282  361
  5
  38  47  80  243  477
  2
  6  486
  3
  6  188  490
  3
  202  365  388
  2
  217  321
  2
  156  246
  4
  157  282  317  456
  2
  250  257
  4
  289  321  354  496
  5
  83  136  183  227  425
  3
  6  251  331
  3
  25  27  140
  3
  116  231  396
  5
  79  90  164  365  400
  2
  292  427
  4
  114  169  386  470
  5
  119  236  414  423  474
  4
  14  54  414  440
  2
  57  449
  2
  215  340
  2
  78  126
  5
  20  26  28  345  366
  2
  164  322
  2
  433  466
  3
  77  351  398
  2
  376  430
  5
  1  16  199  216  448
  2
  265  471
  3
  269  296  481
  2
  297  402
  3
  337  429  499
  4
  36  241  309  453
  5
  82  150  158  447  457
  3
  45  317  482
  2
  198  320
  5
  16  86  120  361  370
  4
  121  143  457  475
  2
  102  140
  4
  132  139  150  308
  4
  224  317  389  397
  4
  58  197  206  254
  3
  249  432  450
  2
  233  376
  5
  73  88  179  436  457
  4
  19  58  197  379
  4
  28  112  274  293
  5
  60  163  273  480  483
  5
  136  142  171  334  494
  5
  240  252  337  345  440
  2
  402  471
  5
  68  124  252  282  335
  4
  31  274  333  429
  4
  13  153  225  477
  3
  3  146  222
  4
  64  206  224  258
  3
  105  193  260
  3
  101  278  305
  5
  27  93  139  169  319
  5
  180  217  311  374  408
  4
  159  289  374  401
  4
  125  260  292  383
  4
  187  201  300  302
  3
  5  44  474
  5
  137  174  237  356  452
  4
  68  370  406  428
  2
  225  311
  3
  7  37  462
  3
  208  395  500
  2
  405  490
  3
  101  110  266
  3
  336  415  492
  2
  57  314
  4
  64  316  364  421
  4
  254  327  387  476
  2
  121  425
  4
  67  202  257  381
  3
  14  355  493
  3
  299  442  499
  3
  20  83  172
  2
  445  447
  2
  6  304
  5
  200  220  326  369  447
  4
  130  152  225  305
  5
  37  54  273  414  429
  4
  53  67  271  454
  5
  75  199  217  255  271
  2
  50  266
  3
  26  255  355
  3
  35  232  319
  2
  119  394
  3
  50  281  443
  5
  222  229  240  327  487
  4
  122  138  282  485
  5
  59  186  197  457  478
  3
  2  103  350
  3
  14  159  279
  3
  212  231  324
  4
  65  260  300  468
  5
  26  28  30  51  95
  5
  82  109  170  237  348
  5
  99  159  170  342  404
  2
  224  247
  3
  133  144  411
  3
  35  114  140
  3
  50  110  375
  2
  124  168
  2
  147  349
  5
  150  211  213  291  319
  5
  149  154  260  296  366
  3
  6  143  376
  5
  172  252  383  439  478
  4
  121  251  280  388
  3
  221  389  440
  3
  90  150  377
  3
  115  217  398
  2
  292  396
  3
  48  148  450
  2
  79  114
  3
  164  357  423
  3
  305  398  474
  4
  8  115  308  482
  4
  55  261  326  407
  5
  77  132  216  347  361
  2
  255  442
  5
  241  280  406  439  482
  3
  192  294  467
  3
  114  242  478
  2
  312  337
  2
  25  424
  5
  149  349  350  439  460
  3
  1  375  456
  5
  111  197  274  387  453
  4
  167  206  442  466
  5
  170  248  252  346  392
  2
  199  410
  3
  89  303  348
  3
  19  120  213
  4
  72  256  392  419
  3
  75  98  439
  2
  114  117
  2
  190  474
  2
  74  417
  3
  24  220  435
  3
  192  271  478
  2
  221  421
  3
  68  235  476
  3
  220  287  296
  4
  43  280  399  492
  4
  18  143  163  384
  2
  20  61
  5
  68  106  200  356  390
  5
  98  133  323  450  485
  4
  188  333  349  435
  3
  45  93  101
  2
  158  458
  3
  316  362  389
  3
  31  89  109
  4
  49  318  340  481
  2
  384  473
  5
  67  100  187  257  307
  4
  107  129  229  401
  2
  41  223
  5
  16  39  130  360  466
  4
  290  314  385  487
  4
  99  121  132  210
  3
  377  381  404
  3
  86  232  371
  2
  67  376
  3
  23  84  125
  5
  11  48  70  424  449
  5
  29  90  207  265  339
  2
  63  253
  4
  95  298  355  449
  2
  264  463
  5
  169  189  302  376  446
  5
  163  223  263  321  367
  3
  19  142  266
  2
  155  354
  2
  296  324
  4
  153  286  467  497
  3
  192  251  411
  2
  91  387
  5
  110  129  365  404  488
  5
  185  328  396  469  492
  2
  342  367
  4
  115  206  309  472
  2
  283  286
  2
  111  195
  3
  227  485  493
  4
  37  101  120  462
  3
  323  328  448
  5
  80  174  181  189  463
  4
  1  110  290  421
  3
  162  172  199
  2
  344  362
  3
  65  179  224
  2
  115  135
  2
  32  44
  3
  208  335  457
  2
  175  474
  2
  161  326
  2
  117  196
  2
  282  404
  5
  28  89  198  256  436
  2
  81  208
  3
  214  454  463
  4
  26  28  237  288
  3
  118  248  282
  5
  28  39  115  345  393
  4
  42  396  409  460
  5
  228  381  421  439  471
  3
  376  411  458
  5
  9  70  88  136  327
  5
  171  177  262  346  421
  4
  53  164  166  452
  2
  308  409
  4
  173  180  280  341
  2
  68  336
  4
  6  74  106  249
  2
  367  476
  2
  220  248
  3
  403  430  489
  3
  248  318  496
  3
  37  137  332
  5
  176  241  261  488  498
  3
  233  366  484
  2
  97  388
  2
  206  277
  2
  56  277
  4
  1  122  363  415
  3
  336  396  428
  5
  61  248  275  344  400
  5
  158  223  232  338  415
  5
  167  180  358  436  460
  2
  126  175
  5
  15  128  190  198  480
  3
  327  356  470
  4
  150  210  291  328
  5
  61  84  131  203  232
  3
  26  238  463
  3
  169  211  482
  4
  116  194  365  435
  5
  196  227  315  326  464
  4
  15  23  163  347
  4
  9  380  432  447
  4
  125  327  341  453
  5
  159  210  225  261  329
  5
  205  262  280  336  471
  4
  36  278  488  495
  4
  217  305  459  460
  2
  479  499
  4
  200  231  345  479
  5
  8  132  286  300  376
  5
  61  158  380  384  426
  2
  422  432
  3
  169  180  362
  5
  16  100  112  364  470
  2
  281  441
  2
  25  310
  3
  360  431  454
  3
  126  185  492
  4
  18  175  247  428
  2
  242  254
  5
  13  130  190  382  476
  2
  4  52
  3
  183  317  373
  4
  99  320  422  461
  4
  134  320  422  451
  4
  131  282  320  444
  3
  109  384  485
  2
  231  327
  2
  120  462
  4
  174  281  323  459
  2
  307  317
  4
  34  191  320  460
  5
  66  172  221  275  328
  5
  83  166  197  260  424
  5
  61  88  208  374  483
  2
  198  415
  4
  195  365  367  427
  3
  19  265  460
  3
  170  340  342
  4
  102  167  237  418
  5
  80  143  158  242  303
  2
  46  156
  4
  103  110  187  213
  4
  9  17  274  452
  5
  45  115  200  231  296
  2
  130  499
  5
  115  281  399  458  494
  3
  183  440  451
  2
  38  183
  4
  46  368  407  410
  5
  215  257  269  311  347
  3
  187  398  465
  2
  81  407
  5
  102  135  178  186  444
  2
  105  298
  2
  74  79
  5
  111  125  214  284  344
  2
  25  266
  5
  46  125  324  350  488
  5
  93  171  197  268  383
  3
  109  125  477
  2
  233  374
  2
  355  359
  3
  231  334  491
  5
  79  103  107  122  383
  5
  52  91  176  288  420
  2
  148  243
  5
  67  94  131  352  388
  4
  92  261  362  478
  4
  15  193  259  267
  5
  15  141  207  339  401
  2
  15  441
  2
  92  205
  4
  76  81  298  329
  4
  81  247  391  424
  4
  210  373  457  473
  3
  103  124  465
  2
  188  491
  2
  326  446
  4
  58  399  402  421
  4
  36  312  387  420
  5
  339  402  434  441  493
  4
  31  195  232  340
  2
  362  429
  4
  25  106  113  392
  3
  73  125  317
  5
  24  75  208  249  418
  3
  258  333  454
  2
  478  485
  4
  26  44  119  165
  3
  137  409  440
  5
  91  214  340  364  475
  5
  106  277  319  392  451
  2
  1  454
  5
  1  71  256  308  318
  2
  54  196
  3
  14  292  490
  3
  85  123  344
  3
  289  342  490
  5
  75  217  236  258  369
  3
  240  255  468
  3
  240  382  427
  2
  372  400
  2
  381  469
  3
  142  234  427
  4
  70  186  311  368
  5
  51  318  400  402  449
  3
  54  101  219
  3
  107  172  323
  5
  17  38  85  225  411
  3
  162  234  493
  5
  90  252  328  339  471
  5
  107  112  247  424  433
  4
  46  228  235  337
  2
  104  415
  4
  212  244  304  424
  3
  198  344  420
  4
  78  117  241  346
  3
  11  133  316
  3
  70  228  331
  2
  237  309
  3
  334  392  422
  2
  300  468
  5
  57  98  107  280  400
  4
  57  189  302  351
  4
  8  101  213  392
  5
  92  195  196  200  341
  4
  29  146  231  346
  5
  114  154  191  234  424
  4
  239  286  359  362
  3
  47  115  193
  4
  65  125  280  397
  4
  9  356  468  473
  2
  15  353
  2
  124  352
  4
  77  346  485  496
  5
  37  93  152  340  393
  3
  205  248  425
  2
  12  56
  2
  334  466
  4
  198  274  280  389
  3
  206  427  434
  3
  89  185  370
  5
  27  86  240  432  456
  2
  315  323
  3
  3  202  460
  4
  131  314  322  483
  4
  67  137  253  387
  3
  195  334  462
  3
  7  25  217
  5
  51  61  280  326  393
  3
  76  449  465
  3
  14  17  357
  3
  339  412  440
  5
  45  166  202  334  462
  4
  57  93  142  280
  5
  116  195  378  462  500
  4
  126  324  409  464
  3
  179  410  451
  5
  66  92  104  413  479
  2
  228  325
  3
  17  116  249
  3
  262  322  395
  3
  81  231  477
  4
  66  342  413  468
  4
  53  322  378  404
  2
  32  272
  5
  50  115  226  355  473
  3
  167  199  209
  4
  101  271  479  493
  5
  44  46  245  427  461
  3
  3  67  178
  3
  78  84  292
  4
  46  90  298  320
  4
  19  42  75  143
  5
  154  155  360  447  467
  5
  12  40  184  215  316
  3
  68  129  229
  3
  46  248  442
  4
  11  66  236  342
  2
  87  227
  5
  48  190  271  362  494
  2
  432  460
  2
  348  394
  5
  119  193  381  399  465
  3
  199  213  370
  3
  134  181  457
  4
  162  220  232  274
  5
  155  263  356  416  460
  3
  183  400  432
  2
  5  407
  4
  86  88  168  375
  3
  111  164  259
  4
  152  175  205  428
  2
  141  338
  2
  133  180
  4
  101  128  278  484
  2
  231  282
  5
  183  214  393  427  445
  5
  15  37  146  354  421
  4
  98  294  431  435
  4
  123  178  395  496
  4
  86  131  147  283
  5
  186  200  271  294  474
  4
  209  253  303  458
  5
  63  172  208  247  388
  3
  87  139  145
  2
  146  213
  3
  96  319  458
  2
  362  478
  3
  365  420  452
  2
  206  340
  2
  322  429
  4
  65  158  208  282
  2
  315  340
  5
  75  105  230  338  347
  3
  159  294  447
  2
  46  92
  5
  116  135  145  161  277
  3
  73  234  412
  2
  321  386
  2
  218  419
  4
  148  287  392  475
  5
  64  205  308  392  462
  3
  121  355  463
  4
  301  337  446  472
  5
  86  117  201  256  472
  2
  150  248
  2
  203  439
  3
  6  272  474
  5
  154  198  199  404  480
  2
  249  384
  3
  223  358  410
  2
  178  403
  4
  67  89  394  448
  5
  39  197  310  358  412
  2
  78  491
  3
  42  72  387
  5
  21  34  306  396  434
  3
  81  95  283
  5
  79  344  346  367  484
  2
  300  462
  2
  348  483
  5
  15  36  371  384  459
  5
  145  220  244  299  414
  3
  84  97  423
  4
  104  254  298  367
  5
  81  96  220  339  458
  4
  26  86  291  302
  5
  127  134  297  373  419
  2
  176  216
  3
  126  162  425
  3
  10  64  446
  2
  340  497
  3
  285  415  497
  3
  271  411  436
  4
  55  60  350  410
  4
  185  439  468  484
  5
  110  208  337  424  448
  5
  47  113  122  399  441
  2
  288  497
  5
  67  76  312  331  485
  5
  144  227  228  411  419
  3
  178  204  348
  3
  51  140  403
  4
  12  78  385  436
  2
  28  166
  2
  138  199
  2
  239  374
  3
  33  56  234
  3
  190  192  234
  3
  26  81  254
  2
  6  14
  5
  189  215  298  332  400
  5
  88  91  98  271  446
  4
  55  174  275  418
  3
  103  197  265
  2
  14  401
  5
  131  251  264  270  471
  2
  44  96
  2
  9  69
  4
  86  88  174  421
  2
  95  140
  3
  64  126  312
  2
  279  297
  5
  28  62  150  173  356
  3
  112  262  362
  5
  75  84  266  416  461
  3
  206  223  326
  5
  249  280  368  416  435
  5
  24  41  226  299  372
  3
  75  152  458
  5
  146  260  325  345  379
  3
  192  292  351
  2
  24  494
  4
  34  104  168  409
  5
  93  199  209  475  482
  3
  7  188  442
  4
  42  75  304  477
  3
  223  337  492
  5
  71  448  452  464  496
  4
  51  61  194  383
  5
  1  131  317  359  472
  5
  17  178  306  323  382
  3
  319  386  452
  2
  445  478
  5
  179  247  320  395  454
  2
  162  449
  3
  21  298  418
  5
  8  31  69  155  166
  2
  324  440
  3
  108  216  399
  5
  96  246  310  321  494
  3
  86  134  203
  5
  164  250  259  361  490
  3
  84  288  389
  3
  44  200  314
  2
  369  489
  5
  26  195  213  371  464
  5
  90  117  187  254  320
  3
  68  124  239
  3
  73  336  347
  2
  429  484
  4
  101  312  432  448
  5
  12  59  100  180  343
  3
  194  318  455
  3
  43  242  308
  5
  37  110  148  287  389
  4
  284  332  336  460
  4
  12  141  286  352
  4
  83  183  282  351
  5
  189  334  453  490  492
  4
  45  50  160  420
  2
  68  90
  5
  105  131  168  324  447
  5
  107  200  262  367  452
  3
  128  348  443
  3
  167  207  349
  2
  208  419
  5
  34  91  162  410  488
  4
  210  278  321  485
  2
  153  430
  4
  56  374  391  416
  5
  81  84  275  326  461
  4
  68  273  288  373
  3
  77  445  485
  4
  54  69  222  308
  2
  114  210
  4
  130  244  264  446
  4
  55  210  408  414
  5
  93  96  127  153  213
  4
  108  124  217  241
  4
  17  91  173  284
  3
  181  417  485
  3
  12  242  448
  4
  39  80  306  346
  4
  55  331  483  490
  5
  55  126  148  288  453
  5
  33  153  206  437  449
  2
  119  420
  3
  40  421  481
  2
  265  426
  4
  31  369  417  458
  3
  113  318  359
  4
  173  209  340  342
  4
  88  307  470  497
  4
  123  201  210  360
  4
  108  179  297  306
  5
  107  131  217  480  492
  4
  109  378  413  416
  5
  95  161  304  308  421
  4
  5  64  118  241
  5
  34  100  216  236  294
  4
  164  234  336  445
  5
  25  70  111  188  457
  5
  47  113  231  428  449
  5
  180  383  439  456  476
  3
  104  185  419
  4
  165  310  369  464
  4
  79  292  346  362
  2
  81  252
  4
  38  183  267  285
  2
  204  402
  4
  359  371  401  448
  4
  26  32  117  204
  5
  12  19  109  130  256
  2
  7  304
  4
  364  366  381  482
  4
  18  216  234  249
  4
  115  359  369  460
  4
  53  148  154  347
  3
  146  333  353
  3
  14  101  183
  4
  62  182  183  429
  4
  183  297  358  491
  5
  49  117  203  237  348
  3
  43  279  342
  3
  74  370  494
  5
  76  91  135  232  480
  4
  220  300  340  399
  4
  52  152  157  445
  4
  34  178  219  452
  2
  86  299
  3
  5  234  285
  3
  37  144  383
  4
  17  34  57  372
  2
  48  269
  2
  380  386
  3
  59  70  316
  3
  50  270  403
  4
  15  44  177  233
  3
  10  452  485
  2
  88  207
  2
  355  378
  2
  189  314
  5
  49  108  153  189  336
  4
  116  145  300  371
  5
  22  50  172  295  320
  5
  109  118  171  464  471
  4
  63  192  348  461
  5
  172  218  420  421  489
  5
  12  17  76  356  500
  2
  36  500
  3
  122  245  327
  3
  11  48  203
  4
  44  144  374  394
  5
  16  83  93  122  492
  5
  99  167  244  428  479
  5
  69  182  326  338  436
  2
  253  462
  3
  165  239  325
  2
  8  227
  3
  41  167  240
  2
  241  429
  3
  68  319  444
  2
  8  330
  2
  61  301
  4
  165  247  299  384
  5
  43  144  192  300  429
  4
  187  255  432  485
  5
  7  22  36  331  491
  2
  62  304
  2
  268  286
  4
  152  237  306  322
  4
  43  121  122  127
  5
  32  75  261  263  264
  4
  25  83  428  438
  2
  8  145
  2
  40  54
  3
  173  193  445
  4
  82  315  339  441
  2
  447  476
  2
  268  272
  2
  3  79
  5
  27  83  126  206  441
  5
  46  62  351  438  464
  2
  270  287
  2
  298  397
  5
  195  285  358  375  457
  5
  124  180  225  297  398
  2
  466  485
  3
  174  336  500
  5
  162  290  294  382  437
  4
  130  166  264  466
  2
  317  401
  2
  398  443
  2
  45  418
  2
  230  409
  4
  3  109  356  439
  3
  64  86  275
  4
  5  184  371  432
  5
  71  188  356  388  422
  2
  85  475
  2
  171  306
  5
  41  153  278  322  361
  4
  188  234  450  497
  4
  146  297  434  444
  4
  111  266  269  304
  3
  13  121  285
  3
  195  281  401
  3
  52  73  447
  5
  157  188  305  330  444
  5
  29  122  313  337  362
  5
  105  149  281  394  476
  3
  182  256  414
  3
  90  104  174
  3
  142  461  480
  2
  370  431
  4
  39  261  377  495
  3
  67  173  392
  3
  252  412  496
  5
  271  285  363  450  478
  2
  293  315
  4
  32  142  179  242
  2
  35  59
  3
  5  288  427
  4
  114  123  278  384
  3
  391  478  483
  3
  19  64  138
  5
  75  101  306  334  399
  5
  70  95  106  343  388
  3
  109  135  428
  2
  254  482
  4
  89  263  291  397
  4
  267  287  335  422
  5
  23  139  157  265  416
  4
  78  189  261  363
  5
  3  78  184  274  357
  4
  13  299  407  467
  4
  75  100  316  415
  2
  379  462
  3
  11  115  130
  3
  39  114  482
  2
  14  145
  2
  163  491
  2
  268  350
  4
  111  172  210  462
  5
  36  134  146  212  228
  3
  2  179  297
  5
  14  30  38  119  248
  3
  188  416  458
  5
  121  156  256  377  499
  4
  136  249  259  326
  5
  70  192  362  406  437
  4
  13  272  464  479
  5
  121  205  310  324  366
  4
  154  316  321  486
  3
  113  187  384
  4
  173  348  472  476
  2
  67  189
  4
  5  91  215  394
  2
  44  301
  4
  71  105  281  318
  4
  36  82  107  182
  5
  4  50  88  145  331
  3
  158  159  466
  2
  126  152
  4
  21  276  288  433
  2
  328  358
  3
  1  107  445
  3
  101  290  362
  2
  274  359
  5
  261  323  386  477  490
  4
  82  305  336  402
  4
  144  226  236  490
  3
  117  339  404
  5
  1  16  154  274  446
  3
  41  70  459
  2
  61  256
  2
  137  423
  4
  39  57  363  463
  5
  1  162  193  258  281
  4
  14  158  201  323
  4
  46  100  232  350
  4
  30  413  450  467
  3
  142  222  228
  5
  16  160  194  402  423
  2
  156  199
  5
  45  113  137  188  413
  4
  67  174  227  379
  5
  115  190  234  289  327
  2
  56  461
  2
  59  60
  5
  19  200  396  413  432
  4
  12  73  170  226
  2
  42  46
  3
  54  153  339
  5
  95  208  244  439  475
  2
  51  492
  2
  369  429
  3
  184  420  449
  2
  348  407
  4
  231  281  300  483
  4
  153  308  317  384
  5
  103  174  179  362  482
  2
  381  459
  2
  160  486
  3
  99  382  475
  5
  28  138  146  430  460
  3
  9  196  412
  4
  99  189  196  242
  4
  248  256  306  467
  3
  197  333  430
  2
  170  439
  2
  121  159
  5
  61  78  104  238  367
  3
  130  201  313
  3
  7  189  362
  5
  57  137  354  414  492
  5
  24  125  130  182  239
  5
  104  163  312  367  373
  2
  101  375
  2
  177  418
  4
  176  192  441  452
  4
  23  205  243  451
  5
  41  385  433  477  491
  4
  84  304  341  493
  5
  248  300  455  459  500
  3
  145  350  356
  3
  10  145  430
  4
  84  380  464  470
  2
  36  111
  3
  203  445  454
  2
  155  209
  2
  178  301
  5
  73  401  452  471  483
  2
  128  312
  4
  19  47  258  361
  2
  42  85
  5
  75  269  395  443  446
  4
  264  284  408  440
  3
  6  294  356
  2
  20  116
  5
  25  127  311  362  461
  4
  14  31  222  343
  3
  418  430  440
  5
  183  355  410  461  465
  4
  85  198  278  370
  4
  50  115  478  496
  5
  208  270  291  432  436
  4
  7  39  269  478
  3
  58  356  404
  4
  72  112  217  250
  4
  37  50  181  277
  5
  46  61  98  118  333
  2
  156  408
  5
  40  249  298  456  500
  2
  82  168
  2
  174  385
  2
  168  476
  2
  5  86
  2
  377  450
  3
  87  418  460
  2
  137  316
  5
  302  401  402  412  496
  5
  67  124  229  323  480
  3
  90  119  204
  4
  215  354  358  378
  5
  14  220  294  410  462
  2
  248  424
  3
  142  151  454
  2
  76  278
  4
  17  297  461  498
  4
  94  177  377  465
  2
  128  235
  3
  88  89  121
  5
  52  181  383  384  427
  2
  111  364
  5
  45  113  178  183  209
  2
  175  404
  3
  11  364  461
  3
  318  363  387
  3
  73  206  452
  4
  5  187  315  355
  2
  102  172
  3
  115  215  422
  5
  110  254  343  426  450
  3
  57  254  280
  4
  48  271  411  464
  5
  103  197  221  466  481
  3
  293  359  460
  3
  24  402  451
  3
  357  436  440
  3
  1  88  179
  4
  39  47  132  379
  4
  13  68  121  205
  5
  39  166  187  321  387
  3
  46  83  277
  4
  53  212  360  406
  3
  54  336  387
  2
  18  355
  4
  183  404  485  495
  2
  217  450
  4
  200  202  235  413
  4
  1  95  410  428
  2
  149  316
  5
  37  213  281  377  498
  2
  155  336
  5
  49  83  144  208  366
  4
  39  139  271  396
  5
  146  170  224  306  387
  4
  84  209  307  487
  5
  9  129  135  280  333
  5
  108  161  234  346  445
  3
  68  148  212
  3
  278  328  452
  3
  75  130  141
  5
  6  140  143  268  321
  5
  4  36  139  191  447
  2
  192  233
  3
  32  310  434
  3
  240  254  319
  2
  175  349
  4
  64  109  120  194
  2
  23  40
  4
  179  244  397  494
  4
  59  197  282  408
  4
  75  275  447  499
  3
  96  133  399
  2
  30  486
  5
  51  78  100  304  333
  5
  45  60  152  201  393
  2
  89  228
  5
  163  198  243  278  484
  4
  167  214  223  288
  4
  144  270  401  422
  4
  75  249  331  336
  3
  40  249  276
  2
  160  471
  2
  30  191
  2
  169  469
  5
  74  192  252  272  466
  5
  249  267  377  408  494
  3
  253  261  378
  5
  117  179  211  332  396
  5
  220  333  359  385  386
  3
  177  326  416
  3
  76  114  368
  4
  95  218  242  262
  4
  74  250  376  383
  2
  275  391
  3
  263  432  494
  3
  365  420  459
  5
  121  248  283  291  473
  5
  67  176  200  204  454
  5
  71  143  241  255  448
  3
  65  403  443
  3
  25  53  440
  3
  46  69  373
  5
  22  146  157  195  354
  3
  49  115  128
  3
  42  59  328
  3
  145  259  386
  2
  171  369
  5
  2  139  142  179  415
  3
  27  377  443
  2
  100  333
  3
  18  244  455
  2
  180  253
  5
  71  109  146  367  494
  5
  67  107  287  347  454
  4
  20  229  341  454
  5
  80  155  355  415  417
  4
  18  64  89  255
  5
  278  308  338  433  468
  5
  355  366  440  461  482
  5
  32  374  411  412  416
  2
  253  417
  3
  19  130  385
  5
  27  68  99  135  255
  3
  96  168  293
  5
  140  158  329  348  404
  2
  239  372
  5
  155  262  290  317  358
  3
  22  408  409
  3
  155  312  451
  3
  250  283  373
  5
  1  154  213  296  492
  2
  375  420
  5
  19  61  180  182  184
  3
  89  300  359
  5
  30  177  225  397  425
  3
  91  98  319
  5
  46  198  303  348  375
  4
  137  200  216  379
  3
  222  245  252
  2
  201  243
  3
  212  308  489
  5
  181  270  311  340  449
  4
  113  294  312  353
  2
  51  85
  4
  69  202  232  421
  2
  475  477
  2
  381  427
  3
  44  125  487
  2
  33  214
  3
  325  464  475
  3
  39  89  467
  5
  240  400  431  452  493
  2
  90  320
  3
  109  315  399
  4
  215  350  360  432
  3
  35  155  382
  3
  173  317  328
  4
  80  97  294  385
  5
  7  14  17  211  314
  3
  116  159  417
  3
  245  358  376
  4
  10  140  161  278
  4
  31  143  299  376
  5
  191  266  306  476  477
  4
  41  63  234  275
  4
  70  91  245  306
  2
  274  489
  5
  221  287  299  303  485
  2
  33  482
  4
  72  144  321  354
  5
  32  94  129  226  426
  4
  17  27  77  149
  4
  124  146  301  472
  3
  27  308  416
  3
  299  353  428
  4
  74  179  211  326
  3
  80  162  477
  2
  245  444
  2
  349  414
  2
  37  417
  2
  194  301
  5
  36  65  71  309  479
  3
  74  125  254
  3
  390  453  456
  4
  233  287  361  492
  5
  79  110  321  406  462
  5
  156  167  295  382  470
  2
  8  195
  5
  118  306  392  427  463
  3
  26  27  243
  4
  60  276  318  323
  3
  358  369  402
  3
  28  223  260
  3
  214  229  500
  3
  63  85  173
  5
  85  218  242  390  449
  5
  198  255  317  361  410
  4
  44  77  186  445
  3
  89  100  410
  3
  30  130  318
  3
  182  200  206
  2
  171  280
  5
  29  40  302  390  499
  5
  122  198  314  315  328
  3
  303  394  431
  2
  18  418
  3
  145  388  420
  2
  81  233
  5
  113  265  284  316  399
  4
  159  281  391  475
  5
  22  60  298  326  410
  3
  14  365  435
  2
  267  352
  5
  179  326  389  416  449
  5
  110  319  324  397  399
  4
  134  311  419  472
  3
  131  144  253
  5
  73  101  173  187  480
  5
  42  56  172  357  408
  5
  106  191  197  281  393
  2
  67  161
  5
  27  43  243  390  419
  4
  28  338  416  442
  2
  77  361
  4
  41  74  408  489
  4
  118  319  344  437
  4
  152  222  418  421
  4
  87  120  345  417
  4
  137  175  299  394
  3
  15  368  455
  4
  52  183  202  457
  5
  59  140  212  274  315
  3
  195  224  483
  3
  182  358  423
  4
  154  387  439  458
  5
  35  116  137  173  253
  4
  48  210  328  385
  2
  95  366
  2
  40  216
  4
  41  60  62  378
  2
  147  344
  4
  101  209  377  447
  2
  47  137
  2
  5  415
  3
  98  299  411
  5
  114  126  191  402  471
  2
  55  347
  3
  138  181  283
  2
  67  159
  3
  196  220  327
  3
  136  222  466
  4
  203  384  424  427
  3
  121  192  250
  3
  155  236  479
  3
  389  414  497
  2
  262  418
  2
  23  496
  3
  262  301  428
  2
  18  275
  3
  72  102  292
  5
  113  348  444  479  500
  5
  66  134  144  367  478
  4
  13  179  217  385
  4
  6  334  434  451
  3
  2  39  247
  3
  27  437  480
  2
  225  422
  4
  117  131  170  464
  3
  49  199  257
  5
  37  130  258  338  480
  3
  73  107  430
  4
  4  128  222  378
  3
  238  343  409
  5
  81  111  169  250  255
  2
  89  492
  5
  6  127  357  388  416
  4
  217  265  314  415
  2
  54  372
  2
  257  305
  5
  128  176  262  389  446
  5
  25  113  311  390  460
  2
  29  172
  4
  2  8  306  344
  2
  313  363
  3
  127  185  241
  3
  57  359  419
  3
  147  246  342
  2
  17  213
  2
  299  327
  2
  229  360
  5
  62  162  173  381  405
  2
  97  228
  2
  35  418
  2
  209  465
  3
  18  57  460
  2
  287  364
  5
  2  152  214  285  330
  4
  34  93  372  452
  2
  106  496
  5
  167  184  202  279  399
  5
  220  259  321  427  477
  5
  101  121  123  339  425
  2
  263  316
  2
  244  323
  3
  138  253  433
  4
  98  99  283  421
  5
  199  300  327  400  404
  4
  2  187  274  338
  2
  298  441
  5
  19  135  190  428  444
  5
  50  234  339  353  493
  2
  337  452
  2
  9  331
  2
  126  343
  4
  264  278  461  475
  5
  111  145  166  194  315
  3
  341  394  458
  3
  68  280  332
  5
  268  358  367  459  498
  4
  35  287  316  393
  2
  158  164
  2
  462  471
  5
  53  103  390  396  483
  3
  14  223  298
  5
  24  188  209  303  313
  4
  43  157  214  365
  3
  379  387  462
  3
  53  111  201
  3
  174  204  404
  3
  340  355  369
  2
  115  354
  3
  112  147  371
  5
  236  273  306  406  452
  4
  160  267  310  482
  2
  240  452
  3
  27  37  492
  3
  62  108  227
  3
  118  147  396
  5
  49  50  85  205  291
  4
  134  331  455  466
  3
  334  379  396
  3
  13  326  382
  3
  22  28  349
  5
  207  267  322  359  411
  4
  57  456  471  495
  3
  105  153  250
  5
  1  236  265  280  472
  4
  70  151  174  301
  4
  14  112  219  392
  3
  139  172  210
  2
  196  468
  2
  327  402
  3
  72  399  408
  3
  39  229  313
  5
  31  266  349  406  433
  3
  260  278  475
  3
  365  407  450
  4
  235  308  419  422
  2
  181  355
  4
  107  117  441  445
  5
  246  315  321  368  500
  5
  25  63  263  339  493
  3
  194  238  445
  5
  38  216  291  406  433
  4
  49  329  367  410
  4
  227  326  380  431
  2
  39  493
  3
  91  227  441
  3
  168  177  200
  2
  296  385
  3
  71  263  302
  2
  280  341
  5
  170  365  404  455  492
  5
  82  99  261  303  408
  2
  1  393
  5
  109  278  300  420  451
  3
  102  216  311
  3
  160  185  385
  3
  249  328  367
  4
  185  233  406  463
  4
  198  231  337  344
  2
  351  426
  5
  62  156  271  350  449
  3
  124  189  416
  5
  1  112  336  376  464
  5
  97  103  184  251  427
  5
  110  268  286  345  403
  5
  173  252  253  322  367
  4
  96  104  293  392
  2
  246  335
  5
  154  163  186  199  323
  3
  147  434  497
  4
  184  243  331  408
  4
  32  340  435  495
  5
  161  189  245  343  434
  4
  323  324  422  484
  5
  106  176  207  250  353
  3
  86  94  142
  2
  40  272
  3
  93  249  474
  4
  56  79  135  383
  4
  87  174  218  378
  3
  79  379  445
  3
  40  253  304
  4
  144  199  470  483
  5
  11  54  96  197  414
  4
  82  121  168  219
  5
  46  189  263  339  434
  3
  167  299  322
  2
  78  380
  2
  204  459
  2
  75  404
  2
  18  340
  3
  147  396  458
  2
  281  385
  3
  25  224  362
  4
  153  269  278  354
  3
  139  164  466
  2
  402  495
  4
  234  339  453  463
  3
  35  92  277
  5
  114  292  366  437  440
  4
  21  34  109  182
  2
  94  484
  3
  34  260  405
  3
  47  128  233
  4
  195  245  402  478
  4
  32  111  156  463
  2
  338  408
  3
  368  395  404
  3
  41  155  262
  5
  8  80  250  324  409
  2
  48  227
  2
  271  435
  2
  143  286
  5
  20  72  101  368  423
  4
  234  251  364  372
  2
  213  369
  2
  89  186
  4
  13  207  262  265
  2
  55  249
  4
  245  271  421  493
  3
  14  128  435
  4
  27  122  198  340
  3
  34  236  260
  5
  102  143  233  347  372
  3
  56  294  443
  5
  175  209  298  356  385
  5
  73  240  352  388  430
  4
  78  166  236  438
  2
  58  59
  4
  40  174  230  272
  5
  71  166  365  379  453
  3
  241  288  321
  5
  59  188  192  268  315
  5
  108  134  317  453  494
  4
  259  390  398  446
  2
  147  464
  4
  96  149  155  375
  5
  9  39  70  381  414
  3
  35  93  311
  5
  223  318  334  437  463
  3
  31  163  318
  3
  216  249  456
  4
  18  246  265  378
  5
  8  50  140  368  423
  2
  194  353
  2
  139  167
  3
  370  392  419
  4
  267  281  342  422
  5
  96  116  397  451  486
  4
  188  266  316  412
  2
  78  346
  2
  268  441
  2
  63  76
  4
  4  114  270  481
  5
  31  152  195  339  340
  4
  137  351  379  380
  2
  178  369
  5
  52  81  149  195  345
  2
  211  428
  4
  92  238  244  360
  2
  286  388
  5
  65  73  89  126  259
  2
  39  275
  5
  62  218  316  430  495
  5
  71  136  243  379  493
  4
  88  303  439  477
  2
  49  328
  5
  63  197  289  311  462
  4
  20  105  270  280
  3
  47  355  463
  5
  14  130  323  424  472
  5
  91  97  321  421  461
  5
  3  69  108  182  336
  2
  38  399
  3
  113  315  476
  3
  75  207  443
  5
  27  110  211  300  499
  2
  56  285
  3
  197  199  251
  2
  267  481
  5
  13  151  284  326  419
  3
  109  198  478
  5
  248  266  269  309  383
  4
  107  240  410  482
  3
  357  456  488
  3
  31  128  288
  4
  27  259  386  432
  3
  71  433  482
  2
  5  342
  2
  19  377
  5
  6  36  96  111  207
  3
  3  68  263
  5
  69  288  302  326  408
  3
  65  90  376
  4
  86  198  398  460
  2
  231  467
  5
  298  311  360  436  494
  5
  44  49  101  191  240
  3
  111  402  468
  2
  98  344
  3
  16  86  223
  3
  266  346  376
  3
  148  218  463
  5
  5  43  48  60  306
  4
  137  408  442  486
  3
  106  169  374
  3
  3  36  420
  4
  87  110  147  302
  5
  236  284  439  455  457
  2
  482  489
  5
  4  40  258  311  419
  5
  21  92  111  169  393
  5
  20  32  61  169  235
  5
  89  98  230  392  403
  3
  258  304  356
  3
  206  265  353
  4
  53  136  300  397
  2
  172  456
  2
  309  472
  5
  7  76  106  232  360
  3
  172  221  482
  5
  35  48  126  279  324
  5
  28  40  114  274  396
  5
  142  221  269  275  419
  3
  67  416  498
  4
  25  60  437  470
  5
  47  184  313  395  467
  5
  133  306  386  442  463
  3
  313  495  499
  3
  61  84  427
  4
  59  149  439  453
  4
  2  378  418  495
  2
  67  358
  2
  359  397
  5
  22  220  281  330  445
  2
  331  365
  2
  288  416
  3
  219  425  467
  4
  119  224  433  442
  3
  148  223  434
  3
  140  186  445
  5
  89  163  305  306  442
  4
  177  269  317  436
  5
  133  247  282  353  413
  3
  138  289  494
  5
  99  216  234  249  482
  3
  153  178  285
  2
  348  378
  4
  380  421  427  475
  3
  42  244  408
  4
  126  131  165  214
  3
  338  364  365
  5
  19  20  149  288  441
  4
  8  24  148  431
  4
  147  208  224  360
  2
  202  257
  3
  209  358  437
  5
  114  118  177  221  265
  2
  61  198
  5
  55  215  292  397  441
  5
  68  173  333  347  364
  2
  165  211
  2
  252  324
  3
  203  397  457
  4
  133  177  190  382
  2
  400  406
  3
  82  278  443
  3
  55  168  229
  3
  23  222  288
  5
  133  265  471  475  483
  3
  39  365  475
  4
  47  51  118  163
  4
  64  87  210  241
  4
  342  353  396  460
  5
  92  139  203  322  449
  5
  58  129  148  211  396
  3
  30  326  400
  2
  322  421
  2
  46  384
  5
  167  261  269  355  486
  4
  70  187  261  304
  3
  365  378  432
  3
  173  377  405
  4
  101  116  153  372
  3
  192  231  492
  2
  205  483
  3
  53  171  197
  2
  97  194
  2
  135  468
  2
  104  321
  2
  119  350
  4
  38  185  387  458
  3
  115  315  384
  5
  46  165  256  269  413
  5
  27  80  273  296  465
  2
  348  394
  4
  158  277  404  474
  4
  174  207  481  488
  2
  214  471
  5
  114  153  357  379  477
  3
  266  480  495
  3
  13  208  278
  3
  87  276  418
  4
  64  266  356  430
  2
  206  302
  3
  372  421  465
  2
  12  36
  4
  29  91  330  365
  5
  205  321  335  381  495
  3
  176  223  272
  5
  75  399  458  462  471
  5
  71  130  228  365  497
  3
  104  376  433
  3
  211  300  477
  5
  163  221  232  353  411
  4
  137  191  249  446
  4
  166  292  343  487
  2
  189  337
  2
  17  58
  2
  233  253
  3
  213  393  467
  4
  123  155  469  497
  3
  17  119  281
  2
  125  451
  4
  141  143  336  473
  3
  21  124  451
  4
  140  323  381  441
  5
  26  60  185  278  307
  2
  228  250
  3
  99  321  334
  2
  279  463
  5
  55  59  137  167  245
  4
  4  75  96  381
  3
  306  367  470
  2
  237  303
  4
  33  115  338  441
  2
  250  494
  4
  38  74  105  303
  2
  45  238
  5
  75  142  244  260  450
  5
  79  82  95  172  270
  5
  128  160  170  332  448
  2
  60  206
  4
  3  358  479  480
  5
  139  176  269  334  492
  4
  13  251  323  339
  5
  89  160  191  336  429
  3
  129  262  391
  2
  478  484
  3
  9  158  323
  5
  52  215  232  269  373
  3
  102  147  417
  3
  419  450  486
  3
  84  85  219
  4
  84  238  350  423
  3
  110  313  474
  4
  126  460  469  493
  4
  72  156  192  215
  4
  56  169  173  196
  2
  202  389
  5
  2  108  210  262  398
  2
  268  393
  2
  87  276
  2
  244  369
  5
  84  136  185  254  443
  4
  65  271  306  397
  3
  151  329  375
  4
  33  122  123  127
  5
  140  283  391  419  484
  2
  2  471
  5
  59  136  159  292  468
  4
  41  206  280  405
  2
  136  390
  4
  134  180  280  373
  2
  19  223
  2
  134  497
  3
  32  357  402
  4
  19  160  235  373
  2
  229  374
  4
  37  41  174  392
  4
  20  53  153  485
  3
  190  283  431
  2
  41  337
  2
  142  237
  5
  56  73  116  258  353
  3
  334  415  456
  5
  41  217  328  349  427
  3
  201  386  397
  5
  8  44  70  75  251
  4
  95  367  372  448
  4
  186  230  349  419
  5
  37  234  390  440  455
  2
  156  199
  4
  82  109  187  298
  5
  70  73  382  485  495
  4
  119  225  406  415
  3
  21  45  83
  2
  15  309
  5
  137  159  296  320  471
  5
  27  74  85  268  359
  2
  351  415
  4
  103  212  435  439
  2
  250  291
  5
  16  19  107  155  277
  2
  192  444
  4
  17  39  108  459
  4
  79  253  333  356
  5
  6  155  218  342  492
  5
  114  185  202  283  397
  5
  220  229  245  366  439
  2
  240  391
  5
  201  218  307  380  460
  4
  32  286  395  426
  5
  103  188  279  361  454
  2
  11  270
  2
  320  351
  3
  121  409  423
  5
  43  126  149  226  356
  4
  226  362  443  465
  3
  224  347  368
  3
  121  262  314
  5
  30  174  410  446  472
  2
  200  376
  4
  239  288  311  455
  3
  34  393  466
  3
  29  199  388
  2
  73  335
  3
  226  289  418
  2
  31  454
  2
  51  79
  2
  126  186
  3
  50  110  438
  3
  238  255  354
  3
  159  201  365
  3
  96  249  427
  3
  47  307  332
  2
  63  363
  4
  22  243  329  490
  4
  67  266  375  496
  4
  46  129  270  433
  3
  64  246  307
  5
  9  108  189  238  354
  4
  112  304  446  482
  3
  122  247  263
  5
  168  210  249  260  378
  4
  1  209  366  400
  2
  284  374
  3
  213  313  363
  5
  262  268  368  453  496
  5
  161  281  316  408  443
  4
  134  191  265  432
  4
  159  253  392  426
  2
  165  188
  4
  62  266  359  487
  2
  31  72
  2
  216  392
  4
  22  38  173  327
  2
  97  312
  2
  269  499
  4
  107  111  128  489
  4
  76  175  445  477
  2
  8  333
  4
  76  299  424  496
  4
  23  36  281  298
  5
  153  163  352  359  479
  5
  34  116  307  327  344
  4
  121  290  323  389
  4
  56  272  395  430
  2
  459  494
  2
  55  228
  4
  47  202  372  460
  4
  75  104  255  394
  3
  216  357  366
  3
  53  393  450
  4
  78  101  156  241
  5
  149  209  216  409  467
  3
  348  446  467
  5
  31  52  122  344  446
  5
  39  42  211  253  465
  5
  137  217  248  277  349
  3
  58  399  429
  3
  113  186  223
  2
  33  387
  2
  224  473
  3
  129  186  337
  5
  31  154  355  361  398
  4
  62  184  219  338
  4
  56  210  235  339
  4
  70  112  370  454
  5
  201  227  302  364  415
  2
  50  259
  2
  241  446
  5
  86  243  278  349  374
  4
  216  272  376  444
  3
  184  259  463
  4
  51  202  336  363
  4
  32  146  281  354
  3
  430  434  459
  3
  139  243  496
  4
  163  223  266  388
  5
  22  42  77  294  457
  2
  13  75
  3
  82  296  356
  5
  3  311  406  435  458
  5
  78  140  152  293  341
  3
  226  264  462
  5
  18  190  292  417  479
  2
  49  132
  2
  181  228
  2
  203  380
  4
  19  248  391  476
  3
  150  402  409
  5
  160  266  416  420  447
  4
  12  134  146  225
  3
  381  402  416
  3
  34  403  413
  3
  235  264  395
  2
  61  183
  4
  37  183  265  482
  5
  175  184  246  262  273
  5
  154  273  308  488  491
  2
  15  90
  4
  6  14  225  320
  3
  139  365  370
  3
  191  238  499
  3
  120  153  283
  5
  25  32  254  323  498
  5
  45  239  297  373  461
  4
  71  177  265  490
  5
  32  102  280  307  371
  3
  219  288  350
  4
  229  284  311  345
  2
  99  103
  4
  14  55  78  143
  2
  90  136
  3
  110  202  348
  4
  40  195  391  481
  4
  104  309  440  489
  3
  45  50  468
  4
  173  217  295  483
  2
  46  334
  4
  59  110  356  421
  2
  305  331
  2
  112  215
  2
  255  425
  3
  103  111  373
  5
  62  319  396  463  488
  4
  100  128  335  433
  2
  30  160
  5
  56  135  350  354  479
  2
  137  295
  2
  129  260
  4
  150  228  303  413
  3
  93  195  212
  3
  170  324  487
  3
  16  251  306
  3
  201  331  428
  4
  253  301  419  455
  4
  77  178  188  225
  4
  110  269  282  400
  3
  198  207  433
  2
  130  367
  4
  24  92  125  128
  5
  53  186  189  319  423
  2
  347  388
  5
  52  261  278  347  443
  2
  351  461
  4
  75  220  400  468
  2
  206  326
  5
  22  54  204  250  269
  5
  44  50  110  441  444
  2
  262  496
  2
  201  429
  5
  47  302  399  450  482
  4
  66  192  316  437
  5
  92  94  194  323  489
  3
  126  314  432
  2
  409  457
  4
  51  388  410  481
  5
  128  143  148  195  315
  4
  33  322  348  452
  5
  58  145  337  351  491
  4
  36  116  350  459
  4
  95  348  375  406
  2
  142  440
  4
  20  97  158  257
  2
  267  436
  3
  1  68  289
  4
  175  236  251  361
  4
  12  275  371  426
  2
  96  119
  4
  16  46  88  326
  2
  181  380
  3
  80  179  476
  4
  287  309  345  435
  4
  56  78  326  443
  2
  254  343
  2
  454  465
  3
  18  305  439
  4
  115  156  273  356
  2
  145  481
  5
  43  162  263  386  407
  3
  92  152  167
  4
  177  180  415  431
  4
  74  211  369  372
  5
  1  264  298  300  451
  2
  125  345
  5
  13  120  218  226  440
  4
  60  92  152  214
  4
  43  115  184  362
  3
  24  234  405
  4
  62  65  353  415
  3
  117  144  149
  3
  9  71  101
  4
  176  304  325  401
  2
  214  301
  2
  224  304
  2
  91  453
  5
  42  52  206  217  468
  4
  188  370  379  462
  4
  84  283  301  491
  3
  21  74  211
  3
  168  243  441
  3
  182  217  322
  4
  320  324  423  497
  5
  58  73  81  120  164
  3
  100  320  392
  2
  192  463
  2
  129  290
  2
  101  389
  5
  307  417  424  428  462
  4
  25  96  262  473
  4
  227  294  429  458
  2
  64  77
  5
  237  284  314  394  446
  3
  28  95  241
  5
  73  178  420  445  497
  4
  49  102  123  470
  5
  94  147  283  312  366
  3
  225  376  464
  5
  140  199  333  440  456
  4
  128  173  444  490
  4
  47  158  260  339
  3
  320  322  500
  5
  177  349  356  385  498
  3
  179  232  361
  2
  272  457
  5
  149  154  264  365  495
  4
  150  164  293  442
  3
  113  123  318
  4
  165  199  210  486
  5
  75  145  188  312  475
  3
  224  337  404
  3
  58  190  445
  4
  269  275  288  295
  3
  100  331  474
  5
  150  162  241  316  483
  5
  44  216  343  396  471
  4
  41  129  253  363
  2
  32  194
  5
  76  93  111  139  251
  3
  89  122  380
  4
  90  187  260  419
  5
  31  175  318  418  496
  2
  109  483
  2
  359  388
  5
  47  111  282  325  352
  2
  21  212
  4
  237  242  313  458
  5
  81  98  105  346  370
  4
  38  115  163  399
  3
  87  389  397
  5
  136  167  305  394  399
  5
  66  79  364  369  488
  4
  366  388  413  414
  3
  64  116  176
  3
  226  268  269
  5
  85  189  217  306  337
  4
  255  287  289  402
  3
  17  219  242
  3
  46  87  162
  2
  53  371
  4
  19  34  95  386
  2
  162  249
  3
  36  169  374
  2
  110  394
  2
  1  3
  5
  134  185  189  248  486
  5
  43  294  319  338  413
  5
  154  198  222  460  491
  3
  83  136  330
  3
  11  69  205
  5
  10  252  340  406  456
  5
  131  190  237  280  484
  5
  117  145  298  411  432
  3
  172  417  478
  4
  116  129  145  373
  2
  98  390
  4
  40  233  344  466
  5
  94  140  229  263  270
  5
  58  100  138  380  483
  4
  164  198  225  298
  4
  70  296  397  447
  3
  11  34  181
  4
  266  326  350  355
  5
  112  148  178  190  207
  4
  102  225  227  329
  3
  35  189  432
  5
  31  189  282  336  407
  3
  22  302  456
  2
  155  167
  4
  143  266  375  478
  3
  136  251  268
  2
  247  289
  4
  48  372  446  459
  2
  27  161
  3
  125  331  471
  5
  23  276  336  406  418
  2
  165  408
  4
  21  246  301  437
  4
  100  178  318  368
  3
  263  310  368
  5
  33  50  149  154  397
  2
  21  262
  5
  139  143  156  262  403
  4
  62  118  158  160
  4
  7  61  352  419
  3
  86  245  252
  3
  116  349  446
  5
  291  302  325  455  484
  3
  277  431  480
  2
  66  334
  4
  37  127  183  487
  2
  263  320
  3
  165  469  487
  3
  10  20  321
  4
  191  197  395  498
  3
  248  350  461
  3
  51  304  467
  3
  74  286  418
  5
  61  288  392  401  494
  2
  78  335
  5
  216  307  372  379  423
  5
  16  85  171  186  470
  2
  61  240
  3
  361  412  454
  2
  239  369
  3
  73  245  419
  5
  108  277  333  446  466
  5
  50  195  362  443  462
  4
  64  96  183  189
  3
  1  464  483
  4
  93  98  220  286
  5
  30  119  212  420  475
  5
  6  20  89  110  253
  4
  36  128  376  453
  2
  21  434
  5
  12  231  336  344  481
  5
  83  131  205  435  492
  2
  131  311
  2
  11  343
  5
  197  203  209  222  340
  5
  179  180  192  403  470
  2
  123  170
  5
  4  39  322  335  360
  4
  121  174  409  485
  2
  452  458
  5
  19  103  130  207  213
  5
  108  186  235  283  483
  2
  359  478
  4
  17  145  276  417
  4
  69  223  304  470
  3
  72  149  301
  4
  143  227  479  494
  4
  245  254  366  429
  2
  10  20
  3
  363  375  448
  4
  225  365  466  490
  4
  92  363  427  477
  2
  49  378
  2
  141  405
  5
  121  268  356  435  440
  5
  92  141  258  384  398
  4
  10  317  410  497
  3
  100  311  408
  4
  6  106  133  437
  4
  68  76  408  475
  3
  241  255  490
  4
  254  348  417  493
  3
  200  273  329
  4
  27  121  199  396
  4
  236  290  338  468
  4
  95  131  392  442
  3
  176  229  322
  2
  333  436
  3
  125  387  446
  3
  93  356  444
  3
  177  197  407
  4
  142  241  394  476
  5
  194  235  248  468  471
  2
  17  432
  5
  47  107  364  395  459
  4
  85  102  370  424
  5
  47  368  377  431  476
  5
  114  178  198  235  489
  5
  128  180  242  247  322
  4
  126  221  328  362
  2
  47  81
  3
  270  307  396
  3
  118  474  495
  4
  40  88  126  256
  5
  80  298  302  421  463
  5
  14  31  102  233  489
  4
  50  108  221  312
  2
  5  392
  2
  18  300
  5
  137  171  184  351  420
  5
  46  100  236  240  271
  4
  78  286  322  333
  3
  67  165  486
  2
  55  455
  5
  164  190  325  338  461
  5
  270  310  379  425  443
  2
  276  434
  2
  72  373
  3
  85  292  358
  2
  207  372
  5
  71  131  196  429  453
  4
  22  297  322  471
  3
  186  400  428
  4
  140  294  416  449
  2
  65  284
  2
  45  146
  3
  155  438  475
  2
  26  241
  5
  173  380  424  449  497
  3
  291  403  436
  4
  90  413  421  444
  3
  12  332  452
  2
  19  360
  2
  50  486
  3
  175  248  451
  4
  8  59  211  490
  5
  232  261  284  339  382
  4
  159  207  304  417
  4
  195  226  391  405
  4
  197  247  460  473
  4
  126  233  243  279
  3
  138  230  355
  5
  91  234  281  369  466
  5
  84  100  112  184  460
  3
  58  62  287
  5
  153  219  273  296  459
  5
  89  290  370  396  405
  2
  181  227
  5
  127  298  350  405  483
  2
  143  395
  4
  192  241  457  499
  4
  284  350  356  463
  4
  22  62  203  471
  5
  66  140  330  417  426
  5
  37  53  96  139  220
  5
  72  78  198  204  243
  2
  356  450
  4
  96  171  283  353
  2
  153  435
  4
  31  180  205  492
  2
  225  227
  2
  17  334
  5
  49  111  138  186  426
  4
  15  150  200  258
  5
  112  210  248  390  410
  4
  6  94  206  258
  2
  197  205
  5
  84  115  352  432  494
  5
  121  265  284  293  466
  2
  69  289
  3
  75  86  240
  5
  17  75  168  244  291
  2
  64  494
  5
  173  207  317  391  401
  5
  92  119  254  307  391
  2
  10  232
  5
  45  63  126  161  167
  3
  68  92  424
  3
  173  195  364
  2
  35  220
  3
  22  114  352
  5
  18  137  238  477  479
  4
  64  246  369  483
  2
  346  469
  5
  246  256  270  300  418
  4
  217  319  337  389
  4
  128  187  363  420
  5
  5  57  151  252  311
  4
  27  42  193  430
  4
  121  261  310  480
  4
  136  146  275  395
  5
  169  243  260  272  490
  4
  228  320  439  443
  2
  217  464
  2
  212  388
  2
  213  278
  2
  246  387
  5
  1  19  130  162  406
  4
  29  49  183  449
  3
  32  225  293
  5
  9  161  242  296  422
  5
  174  237  247  354  456
  4
  89  116  174  306
  5
  73  246  341  350  489
  2
  92  500
  5
  31  147  211  394  448
  5
  45  129  187  256  420
  3
  193  341  367
  4
  32  128  362  387
  3
  185  272  301
  5
  3  110  228  232  419
  3
  294  412  454
  2
  72  120
  5
  100  104  130  322  489
  3
  85  324  366
  5
  77  201  403  424  429
  2
  3  411
  3
  252  274  483
  3
  173  205  226
  2
  96  427
  4
  57  108  110  244
  3
  21  43  339
  2
  77  453
  2
  95  204
  2
  171  262
  2
  296  309
  2
  137  349
  5
  17  49  125  163  285
  3
  132  198  277
  3
  182  237  245
  2
  317  384
  4
  93  128  191  493
  5
  31  148  160  402  487
  2
  101  451
  3
  5  126  179
  5
  38  117  309  326  485
  2
  37  356
  2
  71  148
  2
  209  282
  3
  2  97  142
  3
  143  211  290
  4
  85  271  278  482
  3
  62  315  320
  4
  43  81  125  475
  4
  60  234  248  407
  3
  78  279  332
  5
  67  69  146  261  434
  3
  34  352  388
  5
  115  154  229  250  417
  2
  360  447
  2
  150  476
  3
  25  83  286
  5
  39  53  344  354  472
  3
  368  400  436
  2
  325  328
  3
  82  222  495
  2
  112  239
  4
  38  100  299  456
  3
  145  194  486
  3
  38  50  420
  3
  98  140  294
  3
  155  290  356
  2
  205  295
  3
  154  296  460
  2
  57  73
  4
  20  63  124  499
  2
  35  126
  4
  54  140  271  364
  4
  23  67  293  457
  3
  15  131  364
  5
  33  223  284  353  410
  5
  77  130  272  297  496
  2
  265  420
  5
  168  311  391  487  490
  3
  33  292  459
  4
  66  95  353  371
  3
  205  262  350
  4
  254  282  465  474
  3
  78  107  152
  5
  153  195  204  380  442
  2
  342  391
  3
  85  229  462
  2
  151  174
  4
  14  321  385  495
  4
  302  358  417  491
  3
  87  474  486
  2
  1  478
  4
  121  257  324  368
  4
  118  160  245  409
  5
  49  146  164  167  457
  2
  209  400
  3
  7  66  119
  3
  103  251  340
  5
  17  97  297  359  494
  5
  11  37  136  266  317
  3
  65  236  463
  3
  209  328  345
  3
  403  438  473
  5
  8  48  94  218  417
  2
  29  337
  2
  100  138
  5
  119  124  182  252  381
  4
  78  106  284  360
  4
  107  261  294  424
  5
  1  61  66  259  446
  2
  123  283
  4
  167  207  380  452
  4
  38  131  183  424
  5
  29  107  151  445  465
  3
  213  266  475
  4
  77  206  296  400
  3
  39  402  454
  5
  42  50  63  177  410
  4
  192  216  359  440
  2
  149  440
  3
  24  104  410
  2
  99  359
  3
  66  192  211
  2
  74  378
  5
  216  236  239  358  444
  3
  10  277  430
  2
  344  372
  4
  95  180  324  361
  4
  152  175  361  432
  2
  360  395
  3
  221  293  415
  3
  5  8  47
  5
  80  116  240  295  297
  2
  239  420
  5
  42  200  337  367  473
  4
  66  93  334  363
  4
  61  242  295  358
  2
  315  479
  3
  171  236  443
  4
  87  138  183  467
  5
  86  213  244  311  464
  4
  18  144  460  464
  5
  32  266  286  324  375
  5
  56  176  314  419  457
  3
  109  366  419
  3
  322  345  472
  5
  19  67  138  154  345
  2
  133  384
  2
  88  403
  2
  60  80
  5
  44  84  171  272  404
  2
  123  261
  3
  27  74  495
  3
  30  350  353
  5
  159  179  241  347  348
  5
  7  25  228  276  491
  5
  121  236  242  271  330
  3
  16  44  274
  4
  46  116  345  424
  4
  245  472  478  482
  2
  124  422
  5
  27  200  246  304  405
  5
  121  137  164  311  395
  3
  8  227  431
  4
  130  305  317  500
  2
  84  252
  3
  220  331  448
  3
  26  190  259
  5
  113  371  376  488  500
  5
  54  206  264  284  404
  3
  236  244  399
  4
  49  218  311  455
  4
  25  186  476  489
  3
  183  376  419
  3
  88  139  297
  4
  8  123  234  375
  3
  219  260  370
  4
  81  216  336  478
  4
  82  246  249  386
  5
  64  107  152  159  492
  3
  349  405  415
  5
  32  33  114  155  447
  4
  165  178  196  431
  5
  145  160  263  309  498
  5
  43  44  87  92  264
  2
  298  313
  4
  39  71  229  286
  4
  99  208  410  413
  4
  112  287  307  408
  4
  382  461  464  487
  4
  91  367  453  482
  4
  12  142  201  467
  3
  11  102  428
  2
  38  310
