  1500  500
  1  1  1  1  1  1  1  1  1  1  1  1  1  1  1  1  1  1  1  1  1  1  1  1  1  1  1  1  1  1  1  1  1  1  1  1  1  1  1  1  1  1  1  1  1  1  1  1  1  1  1  1  1  1  1  1  1  1  1  1  1  1  1  1  1  1  1  1  1  1  1  1  1  1  1  1  1  1  1  1  1  1  1  1  1  1  1  1  1  1  1  1  1  1  1  1  1  1  1  1  1  1  1  1  1  1  1  1  1  1  1  1  1  1  1  1  1  1  1  1  1  1  1  1  1  1  1  1  1  1  1  1  1  1  1  1  1  1  1  1  1  1  1  1  1  1  1  1  1  1  1  1  1  1  1  1  1  1  1  1  1  1  1  1  1  1  1  1  1  1  1  1  1  1  1  1  1  1  1  1  1  1  1  1  1  1  1  1  1  1  1  1  1  1  1  1  1  1  1  1  1  1  1  1  1  1  1  1  1  1  1  1  1  1  1  1  1  1  1  1  1  1  1  1  1  1  1  1  1  1  1  1  1  1  1  1  1  1  1  1  1  1  1  1  1  1  1  1  1  1  1  1  1  1  1  1  1  1  1  1  1  1  1  1  1  1  1  1  1  1  1  1  1  1  1  1  1  1  1  1  1  1  1  1  1  1  1  1  1  1  1  1  1  1  1  1  1  1  1  1  1  1  1  1  1  1  1  1  1  1  1  1  1  1  1  1  1  1  1  1  1  1  1  1  1  1  1  1  1  1  1  1  1  1  1  1  1  1  1  1  1  1  1  1  1  1  1  1  1  1  1  1  1  1  1  1  1  1  1  1  1  1  1  1  1  1  1  1  1  1  1  1  1  1  1  1  1  1  1  1  1  1  1  1  1  1  1  1  1  1  1  1  1  1  1  1  1  1  1  1  1  1  1  1  1  1  1  1  1  1  1  1  1  1  1  1  1  1  1  1  1  1  1  1  1  1  1  1  1  1  1  1  1  1  1  1  1  1  1  1  1  1  1  1  1  1  1  1  1  1  1  1  1  1  1  1  1  1  1  1  1  1  1  1  1  1  1  1  1  1  1  1  1  1  1  1  1  1  1  1  1  1  1  1  1  1  1  1  1  1  1  1  1  1  1  1  1  1  1  1
  8
  79  87  127  150  164  408  449  476
  9
  65  72  176  218  258  362  368  416  426
  5
  130  188  283  329  443
  4
  36  43  99  299
  8
  205  236  330  354  404  453  454  463
  10
  32  91  129  132  165  213  234  377  441  467
  9
  34  51  93  135  179  181  272  377  453
  2
  369  445
  5
  38  42  95  271  384
  9
  168  190  203  227  326  356  367  392  394
  5
  34  100  401  403  468
  9
  66  129  150  171  188  196  362  379  435
  4
  105  255  399  474
  6
  37  60  134  156  207  394
  3
  90  236  472
  2
  363  413
  8
  32  74  85  166  273  299  348  484
  3
  161  173  421
  8
  3  132  225  318  374  438  454  495
  8
  5  13  120  355  404  438  443  480
  6
  41  74  147  226  399  401
  8
  35  86  194  254  394  405  423  452
  10
  52  75  175  176  227  337  446  451  457  486
  4
  67  75  94  432
  7
  100  213  357  366  400  405  455
  10
  55  154  208  227  257  291  321  322  345  492
  2
  284  407
  2
  147  404
  3
  36  381  412
  10
  24  28  181  265  269  295  338  367  460  470
  8
  15  69  179  266  277  313  402  433
  7
  19  128  135  207  292  401  416
  5
  12  52  309  397  443
  6
  59  64  301  343  371  486
  8
  30  65  99  214  233  253  337  413
  4
  140  199  482  499
  8
  138  181  184  186  230  244  293  348
  3
  170  238  499
  6
  115  169  201  275  434  500
  8
  11  25  40  212  320  327  455  490
  2
  43  313
  10
  48  51  107  180  188  207  320  357  431  453
  2
  301  413
  8
  99  122  149  223  284  302  452  486
  2
  100  270
  4
  210  234  372  390
  4
  121  182  265  428
  2
  330  459
  10
  10  33  78  141  239  284  321  329  375  466
  9
  78  188  244  249  308  374  416  462  475
  3
  175  349  387
  5
  92  218  272  422  430
  9
  36  142  292  294  312  379  398  421  450
  2
  322  398
  5
  175  218  356  407  478
  2
  137  461
  4
  258  403  445  469
  9
  64  117  195  230  260  358  360  423  488
  5
  23  127  199  203  276
  8
  174  204  217  249  255  287  307  400
  9
  58  118  135  166  213  312  325  403  404
  9
  80  157  240  248  288  328  356  372  498
  5
  57  100  329  367  479
  5
  9  14  33  213  346
  8
  146  151  292  310  320  424  433  434
  8
  129  183  215  289  348  383  484  492
  9
  210  257  293  310  372  383  438  452  461
  4
  52  146  151  419
  10
  76  248  251  317  333  359  368  395  437  465
  7
  40  164  203  209  227  287  400
  8
  169  202  289  290  360  395  412  480
  8
  68  81  280  311  321  368  452  470
  10
  26  89  149  190  194  207  343  365  373  392
  4
  71  149  372  388
  6
  1  111  152  166  401  436
  4
  161  200  310  445
  6
  64  208  259  318  436  489
  3
  27  85  253
  7
  49  127  166  179  211  256  269
  8
  53  103  178  233  240  319  320  459
  8
  61  78  241  349  393  434  446  476
  8
  86  158  180  183  201  248  413  499
  8
  35  167  198  214  242  249  469  492
  6
  121  188  325  359  402  419
  6
  13  108  152  346  380  403
  6
  1  73  172  295  483  496
  3
  312  359  442
  4
  165  179  340  417
  10
  116  188  239  252  256  299  355  370  384  396
  2
  100  411
  4
  262  355  450  477
  9
  2  74  114  144  238  375  401  450  456
  3
  177  230  252
  6
  46  146  155  278  345  405
  3
  36  125  165
  7
  86  174  294  318  333  371  470
  3
  155  249  341
  4
  37  90  194  330
  2
  3  252
  10
  15  17  63  97  297  317  323  426  432  440
  6
  27  34  266  332  334  439
  5
  180  261  282  298  421
  5
  7  126  322  399  445
  7
  7  19  150  274  379  390  499
  8
  60  84  105  148  291  292  369  469
  3
  205  440  457
  9
  51  54  69  169  205  214  294  309  368
  6
  50  77  245  306  477  478
  8
  1  92  162  227  393  423  469  495
  5
  78  88  355  408  441
  2
  160  220
  10
  179  182  234  296  327  337  389  398  399  400
  10
  135  156  192  277  278  300  349  351  413  488
  2
  36  85
  8
  22  110  151  170  277  346  373  470
  3
  124  345  405
  7
  111  214  264  330  356  375  495
  6
  14  16  102  198  269  293
  9
  19  83  87  221  259  351  405  435  445
  6
  32  209  310  313  392  425
  3
  113  193  458
  9
  44  164  189  220  262  287  326  328  462
  7
  30  87  207  288  309  431  492
  6
  116  229  243  385  399  459
  6
  169  170  225  321  378  390
  9
  55  118  124  136  197  245  412  433  481
  3
  4  234  459
  5
  11  65  135  157  348
  4
  41  103  295  305
  4
  176  199  379  484
  2
  210  464
  7
  22  52  157  182  188  417  450
  2
  154  498
  5
  117  135  301  398  420
  5
  52  111  218  302  329
  5
  42  199  200  305  394
  2
  73  242
  5
  120  135  152  165  248
  8
  15  207  313  349  385  405  414  458
  8
  69  72  132  219  274  324  428  458
  3
  267  319  425
  10
  2  12  17  38  40  104  151  226  356  386
  2
  93  204
  5
  26  125  329  426  484
  4
  7  73  274  345
  7
  60  116  127  292  299  392  434
  2
  29  224
  10
  15  75  186  242  251  276  326  388  463  468
  8
  86  161  175  196  282  376  402  459
  9
  64  99  139  171  290  320  379  391  465
  8
  50  54  89  150  186  373  413  422
  5
  17  46  87  452  476
  7
  49  84  87  186  260  370  495
  7
  99  131  252  334  346  401  438
  10
  25  36  51  118  132  148  165  166  323  477
  5
  226  269  295  407  411
  10
  78  139  149  153  294  364  398  437  474  482
  4
  96  110  231  259
  10
  20  31  105  125  172  268  269  401  473  486
  7
  47  59  227  360  406  418  482
  7
  121  164  223  303  308  317  337
  10
  10  108  149  180  188  197  219  223  344  403
  7
  25  124  204  237  331  350  453
  5
  80  183  305  340  492
  9
  37  93  186  221  317  354  390  401  433
  7
  24  47  92  328  439  443  464
  4
  130  202  284  411
  3
  66  89  277
  4
  38  170  314  375
  7
  172  231  314  324  431  441  481
  10
  92  116  197  205  348  365  368  384  461  499
  6
  214  289  333  345  349  367
  4
  64  139  177  327
  10
  94  114  134  138  221  267  282  400  459  496
  2
  292  476
  4
  76  159  364  373
  5
  59  188  362  387  390
  6
  39  68  247  271  353  464
  10
  218  234  287  315  326  364  399  401  421  430
  5
  172  277  422  466  490
  2
  375  381
  9
  30  62  69  132  176  191  287  322  366
  7
  1  53  248  332  405  419  426
  6
  9  97  108  210  248  357
  2
  75  212
  3
  181  318  492
  9
  75  91  112  125  148  163  167  344  392
  5
  145  317  322  323  431
  9
  22  83  134  185  186  411  426  453  491
  10
  5  15  27  75  111  162  235  249  275  410
  5
  395  450  477  479  492
  4
  10  98  258  440
  4
  145  251  355  421
  8
  100  171  241  250  281  436  490  494
  10
  48  65  68  101  120  222  284  389  392  393
  8
  19  102  121  238  288  405  414  441
  3
  173  273  465
  9
  161  215  216  254  275  348  355  395  457
  7
  37  86  159  208  297  347  478
  9
  107  191  212  215  248  343  445  454  471
  7
  16  36  73  182  273  291  354
  9
  44  61  85  129  186  221  252  289  344
  3
  332  357  491
  4
  121  287  383  432
  10
  4  18  37  84  93  117  304  306  365  477
  5
  255  265  278  401  470
  9
  29  62  78  177  196  207  246  323  386
  4
  55  89  213  401
  2
  193  392
  9
  127  131  159  179  258  381  398  430  469
  4
  80  140  220  481
  2
  175  245
  8
  72  90  196  218  221  322  393  448
  5
  217  259  267  281  398
  8
  2  13  75  283  373  419  420  442
  4
  16  100  234  356
  10
  83  178  189  202  222  248  252  260  318  500
  8
  31  194  322  346  362  392  398  411
  2
  43  448
  6
  82  147  303  372  392  414
  5
  91  141  159  287  386
  5
  34  65  412  466  480
  6
  31  207  213  266  271  479
  10
  40  74  98  172  268  292  361  377  463  490
  8
  23  80  127  267  328  444  479  493
  6
  183  276  297  344  417  451
  3
  408  413  451
  10
  13  26  77  171  176  223  229  331  345  486
  8
  79  90  162  168  279  325  359  471
  3
  153  292  481
  8
  76  150  201  209  266  407  416  439
  8
  13  24  71  181  318  342  430  462
  3
  291  318  390
  4
  308  341  428  431
  5
  83  147  235  256  452
  10
  31  83  114  132  139  342  361  375  434  437
  2
  282  408
  2
  116  341
  3
  94  327  427
  4
  1  167  211  289
  6
  60  96  231  408  415  473
  8
  53  62  70  110  134  325  424  468
  8
  39  78  79  167  242  358  451  498
  3
  101  155  267
  8
  58  74  77  187  341  412  475  481
  7
  9  16  115  214  291  420  484
  7
  28  113  154  232  406  422  500
  10
  57  137  212  243  264  304  403  425  437  473
  7
  81  96  151  246  428  472  495
  5
  45  50  187  337  338
  3
  91  351  494
  9
  99  158  177  185  196  207  303  349  498
  4
  231  273  298  359
  9
  25  47  239  258  288  331  379  393  436
  7
  55  141  222  223  242  269  443
  2
  192  383
  7
  106  138  182  219  246  361  408
  7
  27  30  53  127  221  347  388
  2
  101  176
  10
  25  45  65  108  310  325  365  407  443  492
  3
  186  343  349
  3
  13  54  144
  5
  39  139  181  365  450
  4
  8  225  448  466
  5
  164  220  222  341  477
  6
  18  205  352  446  456  478
  3
  180  399  497
  3
  227  379  464
  7
  26  84  88  115  144  155  419
  8
  20  104  244  294  403  406  476  494
  2
  136  322
  10
  3  18  28  114  143  171  189  205  289  311
  2
  108  398
  7
  70  124  300  313  351  382  478
  5
  50  99  165  340  490
  7
  49  122  227  258  368  369  474
  9
  16  26  92  116  127  168  272  304  358
  7
  11  24  132  143  152  271  426
  6
  173  244  270  336  339  454
  10
  46  75  142  186  212  347  448  454  480  490
  6
  69  240  255  375  444  496
  8
  8  87  157  205  310  325  437  443
  5
  5  169  346  397  444
  8
  3  170  178  288  289  404  417  456
  5
  95  225  270  284  346
  7
  19  51  139  150  214  380  457
  6
  31  153  245  338  344  345
  10
  30  154  172  207  264  333  381  459  462  480
  7
  43  184  235  263  333  380  478
  2
  16  466
  5
  59  165  210  399  488
  9
  4  46  52  90  214  320  334  337  354
  5
  3  28  44  362  423
  10
  99  102  141  254  262  298  306  309  427  457
  7
  24  127  283  374  397  405  475
  6
  32  172  242  345  383  411
  5
  6  82  209  302  331
  6
  50  108  270  271  412  422
  6
  100  144  203  209  384  499
  8
  41  69  144  258  266  278  297  421
  3
  8  418  474
  5
  3  115  181  246  315
  3
  208  227  386
  8
  8  19  50  100  335  341  410  493
  7
  30  46  125  134  189  227  297
  6
  249  299  333  361  368  474
  10
  5  98  106  107  129  154  233  281  292  305
  6
  77  137  189  272  458  498
  5
  124  335  450  469  474
  10
  20  106  175  183  238  267  328  388  413  419
  7
  92  277  429  434  446  448  469
  3
  51  85  488
  4
  262  454  493  500
  3
  89  162  172
  10
  3  60  96  135  168  219  332  341  378  432
  7
  60  97  145  341  357  472  499
  10
  41  90  198  271  275  279  313  316  339  357
  10
  90  129  135  168  176  197  222  240  270  288
  7
  12  22  84  264  295  442  445
  5
  72  322  329  358  445
  9
  72  144  147  175  219  279  437  443  461
  7
  125  142  254  268  347  421  449
  2
  95  354
  5
  102  117  164  188  369
  2
  198  237
  7
  37  96  116  159  273  298  436
  7
  52  144  178  256  257  338  479
  5
  200  330  423  438  493
  8
  86  92  103  110  115  171  287  402
  5
  314  347  408  451  499
  7
  40  85  234  307  347  446  454
  8
  29  39  139  298  300  324  356  456
  7
  66  94  220  293  301  322  334
  9
  145  146  183  186  304  324  328  348  473
  8
  28  68  83  157  244  402  407  495
  3
  15  102  106
  5
  196  281  353  378  433
  5
  223  302  325  451  498
  8
  1  37  40  52  170  187  401  440
  6
  43  92  158  261  304  359
  2
  163  387
  2
  47  234
  7
  13  80  197  256  352  371  400
  4
  20  169  470  478
  4
  11  217  370  402
  9
  28  76  90  219  261  295  300  396  474
  10
  31  48  182  183  203  252  325  393  412  482
  6
  122  184  260  274  332  475
  6
  61  119  197  413  442  494
  4
  116  236  308  423
  4
  204  269  414  442
  8
  28  29  86  189  191  209  278  331
  4
  69  112  216  433
  2
  68  451
  6
  126  145  178  211  331  455
  2
  268  284
  6
  74  147  209  346  419  460
  5
  12  163  264  367  436
  5
  89  218  309  416  500
  6
  64  90  202  379  382  460
  3
  161  215  233
  7
  8  290  345  402  419  431  468
  5
  186  228  230  333  436
  3
  264  277  413
  7
  166  190  224  305  394  433  486
  5
  155  156  195  375  443
  7
  66  110  171  212  246  467  485
  5
  16  142  312  338  377
  9
  52  53  97  110  169  223  282  379  436
  2
  10  474
  5
  53  80  96  159  404
  9
  31  46  95  172  213  257  260  277  344
  7
  20  34  84  173  259  273  362
  10
  45  50  55  82  172  202  253  408  423  432
  8
  96  131  199  322  387  395  440  489
  2
  75  365
  6
  114  150  194  366  434  455
  6
  111  226  279  289  416  435
  9
  91  238  362  441  448  455  459  461  472
  7
  305  316  342  379  395  453  477
  3
  209  244  335
  10
  30  45  103  149  212  255  327  359  438  491
  5
  48  80  240  288  434
  2
  167  188
  10
  6  36  46  103  214  268  330  402  437  464
  9
  8  19  101  175  303  343  361  404  481
  6
  184  310  329  348  403  460
  2
  46  119
  10
  93  125  156  188  299  397  435  443  470  480
  6
  52  60  95  200  348  411
  5
  214  243  251  299  420
  6
  46  82  193  323  337  430
  8
  15  36  94  102  136  311  355  498
  3
  83  463  475
  2
  91  457
  5
  151  337  442  481  494
  2
  188  424
  6
  37  112  189  197  300  360
  3
  71  276  315
  5
  234  294  333  377  486
  3
  116  199  253
  3
  95  395  397
  9
  61  99  111  168  248  317  365  407  468
  10
  116  196  259  267  280  340  396  409  425  427
  4
  102  267  356  478
  6
  48  65  122  207  283  384
  5
  208  349  379  387  485
  9
  66  91  109  158  377  396  428  431  487
  2
  46  328
  4
  199  404  461  465
  8
  60  277  294  300  377  383  400  484
  4
  68  323  436  447
  6
  12  116  182  340  390  450
  5
  72  112  115  204  385
  3
  46  192  261
  4
  141  167  386  402
  5
  22  30  101  304  396
  10
  8  14  30  74  119  159  163  274  394  419
  5
  258  348  436  454  469
  5
  379  400  411  461  500
  10
  131  270  278  287  326  363  399  415  442  490
  3
  60  212  267
  7
  135  250  391  405  407  484  490
  9
  44  55  56  78  179  251  272  307  495
  3
  89  103  447
  10
  12  24  88  117  128  196  374  378  380  412
  4
  188  191  245  408
  5
  56  85  110  191  470
  4
  148  171  206  245
  6
  21  53  116  178  455  476
  8
  18  33  156  233  261  308  391  425
  2
  32  449
  10
  17  30  228  245  296  313  399  441  445  496
  3
  65  109  402
  2
  34  58
  2
  221  466
  8
  73  106  260  263  277  410  456  468
  7
  12  30  236  267  310  425  479
  6
  129  317  345  413  442  459
  5
  291  293  371  461  497
  7
  166  208  211  456  464  471  488
  2
  248  454
  8
  38  78  187  252  295  318  439  467
  9
  84  205  247  266  290  317  373  375  400
  7
  26  69  177  217  225  368  488
  6
  119  247  281  357  449  462
  3
  108  250  257
  6
  5  229  315  318  331  356
  6
  13  63  129  134  239  414
  7
  232  326  345  394  420  435  497
  4
  2  75  133  396
  4
  161  163  192  223
  8
  77  172  202  208  292  326  418  467
  4
  116  138  361  469
  5
  156  158  215  382  383
  7
  280  300  345  348  368  381  404
  6
  74  151  247  288  417  497
  5
  72  82  195  329  384
  7
  32  35  110  112  262  270  381
  3
  166  178  319
  5
  58  125  397  399  466
  10
  48  55  59  234  260  272  286  351  352  488
  3
  55  244  358
  9
  8  104  152  187  219  226  313  344  351
  4
  59  136  209  411
  8
  66  103  126  145  147  160  373  471
  7
  56  76  318  327  360  379  438
  7
  32  55  156  209  242  295  390
  5
  84  103  153  158  256
  8
  33  46  157  206  248  304  390  392
  5
  65  113  239  348  376
  9
  5  15  32  99  121  227  259  367  453
  4
  238  339  454  470
  8
  60  226  237  275  327  448  453  476
  4
  28  45  413  431
  7
  133  148  155  205  218  244  403
  10
  24  29  84  129  257  267  286  355  399  436
  10
  50  113  145  166  179  184  355  357  389  477
  2
  141  165
  10
  54  115  127  145  149  218  228  246  385  466
  2
  193  398
  8
  19  89  107  123  187  197  361  395
  8
  20  57  262  366  376  443  481  488
  4
  4  5  18  281
  7
  111  147  167  187  192  469  498
  5
  1  30  414  427  460
  9
  4  60  65  248  277  288  356  473  486
  10
  46  48  280  348  410  413  419  448  468  494
  10
  5  56  220  240  242  257  271  273  329  412
  2
  63  165
  3
  114  193  253
  10
  109  112  115  119  221  355  365  367  429  475
  2
  274  279
  6
  130  212  310  325  352  444
  4
  234  244  292  468
  7
  94  211  240  268  301  404  460
  2
  31  242
  2
  240  489
  5
  52  314  379  411  457
  7
  92  132  146  322  331  377  462
  6
  253  312  330  343  492  496
  2
  240  454
  7
  100  146  187  254  297  328  423
  7
  51  92  163  367  404  418  492
  2
  102  104
  7
  22  176  196  303  403  462  480
  10
  48  56  137  149  166  297  334  355  408  488
  4
  339  358  418  426
  8
  99  153  218  287  337  440  459  480
  7
  60  80  84  113  121  285  453
  10
  22  33  75  152  249  262  327  356  391  479
  9
  68  69  124  143  210  282  333  461  478
  5
  62  199  232  308  408
  6
  5  11  74  273  302  312
  3
  92  242  419
  3
  107  195  293
  2
  92  199
  8
  16  34  72  213  248  319  340  403
  4
  244  303  454  499
  4
  65  232  351  360
  4
  103  189  402  455
  2
  125  403
  7
  25  116  245  354  359  468  473
  3
  58  278  475
  6
  7  104  120  337  495  499
  8
  8  32  180  274  348  377  437  475
  4
  53  139  451  472
  6
  40  185  258  296  440  449
  5
  180  256  351  408  413
  4
  5  228  273  341
  6
  33  169  220  246  320  365
  3
  16  116  337
  7
  39  136  168  241  267  334  437
  9
  69  151  200  363  391  394  401  446  471
  8
  67  117  128  176  285  290  354  363
  3
  49  150  450
  5
  12  37  168  336  474
  8
  59  108  125  219  299  302  415  484
  9
  2  14  62  115  145  242  243  332  462
  8
  114  139  178  312  363  391  421  478
  2
  81  198
  7
  124  136  169  188  190  208  476
  2
  415  447
  8
  80  145  170  196  227  290  337  364
  3
  43  76  413
  6
  37  152  196  312  315  369
  7
  57  283  377  431  475  481  498
  6
  23  25  65  176  227  235
  2
  112  153
  7
  52  202  311  340  365  426  453
  8
  80  105  114  140  188  221  292  426
  5
  181  195  256  318  368
  8
  23  161  227  271  295  323  349  424
  6
  39  92  111  271  341  405
  9
  25  99  138  242  257  260  325  370  476
  6
  122  192  255  362  440  463
  7
  35  45  142  183  408  452  461
  3
  27  216  448
  4
  71  185  208  235
  7
  27  112  127  146  335  479  487
  5
  145  218  397  436  452
  4
  24  90  225  405
  10
  22  51  79  98  196  203  216  343  387  459
  10
  55  183  275  329  348  375  387  409  421  482
  5
  207  225  286  348  485
  8
  12  35  36  58  116  321  366  407
  5
  143  155  201  220  248
  4
  108  148  268  476
  10
  67  118  178  191  267  290  307  390  422  491
  3
  17  170  401
  9
  1  162  179  227  290  357  367  375  422
  5
  225  288  372  442  492
  5
  81  172  187  385  427
  7
  75  192  241  275  309  427  470
  5
  179  234  305  455  484
  4
  277  280  288  385
  5
  18  21  153  290  330
  5
  34  98  128  130  446
  8
  2  46  52  122  294  296  382  476
  3
  333  338  384
  7
  13  76  78  126  205  409  489
  7
  5  60  127  236  256  289  335
  9
  187  217  254  294  308  339  343  368  401
  6
  134  162  206  217  379  415
  7
  8  147  177  201  366  388  497
  5
  80  191  192  277  284
  7
  75  101  114  183  309  367  374
  10
  135  146  175  190  217  219  221  290  365  384
  2
  194  216
  9
  1  81  85  178  250  372  381  382  444
  2
  200  295
  8
  19  53  270  278  289  397  486  497
  6
  7  150  225  250  256  405
  3
  60  136  160
  7
  50  73  81  102  197  324  399
  10
  70  99  209  214  304  358  380  406  409  492
  8
  20  22  148  223  306  334  422  488
  7
  55  56  81  149  368  408  435
  5
  62  180  181  235  398
  6
  161  172  185  415  421  467
  10
  9  26  124  166  223  237  329  414  416  459
  10
  13  42  94  106  141  189  221  291  457  479
  9
  11  140  168  198  355  361  367  429  469
  2
  328  450
  9
  17  20  65  99  106  164  219  429  499
  6
  3  144  254  280  368  377
  7
  50  79  94  181  202  222  406
  7
  36  66  168  205  209  213  353
  9
  82  85  96  275  280  283  339  358  431
  8
  76  245  252  307  337  381  396  459
  2
  308  396
  6
  192  306  367  378  448  463
  8
  58  74  102  162  183  397  401  457
  9
  63  66  132  213  272  286  366  476  486
  6
  154  209  235  278  309  453
  3
  63  244  323
  2
  239  256
  2
  36  420
  8
  99  163  263  278  304  355  365  420
  9
  44  101  272  316  341  356  396  425  434
  4
  22  89  178  293
  8
  139  212  268  291  367  370  467  480
  8
  206  230  264  301  357  383  466  473
  6
  57  151  270  423  489  499
  4
  132  147  247  368
  8
  104  185  236  241  324  334  376  385
  7
  67  149  186  236  313  350  409
  6
  182  209  415  467  479  480
  8
  131  163  167  196  226  284  382  465
  7
  52  126  206  221  279  285  361
  8
  8  42  51  98  138  198  242  380
  3
  381  412  418
  10
  6  84  114  130  148  265  272  397  420  438
  6
  21  73  169  222  339  483
  4
  97  324  325  374
  5
  5  26  255  323  398
  10
  39  73  302  316  343  347  401  432  445  498
  3
  302  359  463
  6
  78  184  201  229  241  418
  10
  11  37  66  78  87  284  291  338  350  458
  5
  27  224  277  368  432
  7
  77  122  173  308  343  456  468
  10
  78  164  165  258  270  315  335  349  413  497
  9
  65  177  192  199  286  291  329  465  494
  4
  98  121  230  355
  10
  14  192  267  279  285  376  380  445  451  470
  2
  277  480
  6
  19  45  182  226  393  466
  3
  248  305  405
  7
  47  111  139  308  358  469  500
  8
  38  154  210  234  381  393  455  497
  8
  151  257  274  305  311  367  371  480
  5
  122  182  255  285  492
  8
  51  188  216  326  356  358  470  474
  10
  3  40  45  146  153  178  184  203  361  376
  3
  113  231  345
  5
  169  369  456  458  464
  5
  19  64  327  460  469
  4
  167  205  339  412
  9
  4  34  60  96  132  183  189  224  463
  4
  86  303  385  433
  3
  238  276  366
  4
  25  114  252  265
  2
  24  289
  7
  117  166  212  214  267  343  463
  9
  4  94  99  111  152  161  181  406  407
  10
  29  143  146  164  268  279  306  400  415  496
  5
  26  175  186  307  370
  6
  30  157  216  342  409  494
  9
  18  69  140  157  230  242  396  474  481
  6
  3  8  217  236  312  319
  4
  97  142  324  325
  9
  61  102  195  224  312  313  383  389  397
  6
  84  292  327  360  414  430
  4
  23  229  309  321
  7
  115  117  120  127  345  361  480
  2
  450  477
  6
  40  43  72  196  327  468
  9
  56  172  183  189  214  240  357  469  489
  2
  6  173
  8
  23  56  119  137  287  322  405  421
  5
  63  116  144  204  224
  6
  137  226  240  249  467  475
  5
  90  98  193  334  370
  9
  31  80  109  184  194  205  223  345  374
  5
  44  75  90  126  288
  6
  45  159  191  256  354  494
  10
  63  178  211  215  264  337  375  379  427  431
  3
  39  152  257
  10
  7  10  24  99  163  238  313  348  442  457
  8
  79  199  280  448  459  465  475  489
  3
  100  108  109
  5
  10  303  331  341  495
  7
  12  79  100  123  178  348  373
  2
  315  457
  8
  142  183  243  292  293  391  496  497
  7
  24  64  120  142  258  383  387
  10
  36  67  139  156  212  264  270  317  479  486
  8
  111  143  211  221  287  401  473  476
  6
  49  285  324  402  454  486
  2
  175  331
  4
  93  270  463  490
  4
  85  329  370  442
  9
  25  94  142  156  212  243  290  335  456
  5
  145  187  261  396  486
  8
  76  90  188  305  330  354  360  489
  2
  73  489
  6
  54  109  238  280  324  420
  7
  15  46  81  130  132  167  262
  3
  77  155  240
  9
  208  280  294  307  355  366  442  456  485
  5
  117  183  217  280  290
  6
  152  168  235  352  376  402
  9
  90  101  128  207  250  259  272  446  486
  8
  27  67  82  91  127  230  303  488
  6
  76  100  244  245  354  422
  2
  45  90
  5
  29  44  246  329  491
  2
  125  158
  2
  34  396
  9
  32  114  119  240  242  368  420  477  478
  4
  47  214  315  326
  4
  52  82  442  486
  2
  53  223
  3
  156  182  197
  10
  79  80  111  124  137  220  346  394  410  450
  3
  157  425  448
  10
  25  41  114  154  157  198  205  208  343  440
  3
  250  251  449
  10
  60  81  116  153  289  336  340  367  395  411
  4
  205  215  347  499
  10
  27  173  234  260  290  299  351  380  396  495
  5
  308  313  382  439  490
  7
  145  192  228  239  403  404  454
  8
  36  86  183  310  334  339  364  387
  5
  267  367  390  430  473
  7
  9  23  109  288  325  336  337
  9
  63  162  269  379  396  460  461  478  486
  6
  20  138  269  374  409  492
  2
  212  352
  5
  7  229  393  404  453
  2
  52  341
  6
  4  18  163  302  326  454
  3
  54  98  347
  8
  159  167  171  310  329  437  445  475
  9
  126  178  184  255  278  344  361  416  432
  7
  50  80  118  167  191  401  421
  5
  36  143  178  281  352
  8
  90  111  273  301  317  332  400  456
  6
  46  49  90  169  323  388
  6
  18  89  168  292  311  468
  7
  57  67  146  233  288  307  332
  10
  24  45  48  244  306  307  396  409  413  469
  5
  23  72  98  213  465
  5
  16  71  180  233  261
  7
  63  74  191  362  411  472  495
  9
  3  54  82  188  238  310  360  365  405
  2
  19  385
  2
  423  482
  6
  41  131  225  258  323  419
  6
  54  188  306  331  356  407
  5
  15  39  145  175  454
  3
  15  39  341
  2
  156  299
  10
  4  12  75  103  115  317  355  417  490  498
  7
  36  69  154  338  360  442  463
  4
  30  153  360  465
  9
  27  95  96  152  165  193  226  227  313
  4
  8  249  403  480
  5
  9  157  158  300  338
  6
  77  128  131  364  374  465
  5
  21  111  397  449  478
  6
  32  217  268  283  406  455
  4
  235  241  347  457
  8
  68  98  350  383  387  431  435  472
  6
  114  141  157  314  421  438
  10
  39  116  151  189  199  207  257  322  421  426
  6
  80  136  332  421  479  495
  2
  348  381
  5
  10  212  263  390  395
  5
  164  314  341  429  442
  3
  238  303  386
  7
  133  144  249  410  418  441  492
  9
  26  52  62  75  89  119  200  223  403
  10
  9  128  132  142  170  218  317  335  407  491
  4
  250  277  354  399
  5
  62  172  275  286  418
  7
  65  71  102  128  182  229  427
  10
  18  45  52  66  95  122  251  316  387  477
  9
  70  158  203  252  289  308  332  417  494
  10
  93  113  126  186  269  321  360  399  457  476
  10
  59  74  181  197  212  239  383  425  428  435
  8
  4  127  142  157  173  190  256  427
  9
  68  82  173  186  232  262  407  446  500
  9
  22  82  166  195  376  388  393  449  482
  8
  109  132  199  242  252  322  398  416
  3
  66  100  234
  8
  12  31  69  100  133  147  172  468
  5
  39  114  206  305  438
  10
  49  108  219  260  271  282  320  390  473  498
  4
  28  180  406  498
  2
  58  406
  7
  81  134  152  164  186  413  477
  3
  124  229  405
  8
  53  101  136  144  302  317  386  445
  10
  14  50  124  285  295  343  350  410  435  436
  10
  9  66  81  86  110  139  331  342  409  443
  9
  58  77  86  294  301  376  409  451  499
  7
  26  80  128  161  304  351  491
  6
  50  75  387  487  493  496
  6
  71  97  264  289  363  457
  2
  414  448
  9
  6  49  92  120  145  308  383  488  500
  5
  77  92  232  278  345
  8
  39  121  228  273  283  319  329  474
  9
  64  71  73  95  120  156  220  329  406
  9
  3  64  126  267  310  320  358  402  438
  9
  24  112  156  205  230  267  297  362  447
  5
  40  81  134  200  263
  8
  74  89  126  243  277  295  307  340
  5
  54  138  246  445  454
  9
  55  128  140  156  287  345  384  435  475
  6
  76  101  194  206  212  245
  10
  6  12  51  96  104  113  162  268  343  449
  9
  32  55  89  112  156  191  239  317  351
  7
  14  73  194  205  215  281  339
  5
  35  97  276  431  437
  9
  54  56  85  221  243  282  321  422  454
  3
  274  388  470
  4
  6  393  397  464
  3
  293  302  398
  2
  431  470
  6
  84  120  178  374  445  462
  8
  25  57  164  184  197  320  355  427
  2
  318  432
  7
  9  55  60  171  182  252  463
  9
  32  41  97  109  214  220  427  442  470
  2
  17  361
  4
  11  50  222  310
  4
  139  166  172  180
  6
  72  87  302  350  413  495
  9
  39  68  91  228  272  338  361  468  471
  3
  176  367  408
  2
  93  460
  5
  159  259  389  430  446
  6
  163  215  229  315  467  485
  8
  108  231  234  303  315  441  448  461
  3
  70  242  447
  7
  25  95  151  177  226  336  361
  8
  103  109  110  287  419  439  462  463
  7
  33  55  147  169  214  221  339
  4
  49  50  152  365
  3
  4  306  497
  7
  90  126  152  187  287  378  423
  8
  7  106  165  248  284  319  320  479
  4
  7  90  320  459
  4
  164  391  424  430
  4
  91  146  177  184
  2
  74  376
  4
  70  327  365  427
  4
  94  323  417  440
  9
  14  214  239  244  268  323  410  451  491
  10
  16  121  195  199  267  312  395  454  465  494
  3
  170  182  221
  7
  37  54  63  97  225  248  295
  5
  6  82  180  426  490
  10
  41  48  54  94  95  117  178  420  428  452
  10
  9  15  22  40  87  116  189  378  461  487
  2
  84  489
  2
  71  202
  7
  54  85  147  222  259  341  354
  6
  79  142  269  363  391  398
  10
  10  58  74  120  140  143  164  192  298  374
  3
  265  391  443
  3
  90  224  478
  10
  90  140  162  187  192  309  378  463  474  494
  10
  8  30  60  77  90  175  180  388  403  429
  10
  77  142  156  164  173  301  341  385  416  484
  6
  10  181  200  207  387  405
  5
  142  223  356  373  402
  3
  104  427  481
  5
  84  137  169  222  277
  6
  29  176  211  378  432  441
  3
  308  361  446
  10
  26  80  103  133  198  289  294  315  339  448
  4
  61  247  348  463
  4
  52  105  107  496
  10
  18  19  153  160  187  245  298  380  439  473
  10
  25  54  227  239  330  370  383  444  478  487
  5
  140  340  354  402  447
  9
  24  120  301  348  356  366  418  442  455
  4
  14  185  216  256
  4
  32  172  306  486
  2
  35  390
  3
  50  434  492
  7
  116  246  277  286  340  402  452
  4
  10  26  57  314
  4
  174  222  265  443
  9
  218  239  245  256  306  355  369  416  419
  9
  90  94  119  137  144  266  316  335  498
  9
  24  138  139  158  234  302  326  352  366
  8
  82  138  152  166  177  380  458  467
  4
  135  275  285  397
  8
  227  278  346  389  403  459  467  469
  7
  66  87  117  172  187  229  373
  7
  93  144  208  240  246  273  400
  2
  6  300
  6
  13  152  234  403  406  494
  10
  4  38  59  231  272  331  391  433  463  489
  8
  64  75  88  168  329  331  458  460
  10
  38  67  133  163  294  330  427  434  481  497
  4
  107  112  203  252
  2
  271  309
  8
  145  183  218  287  299  368  375  460
  2
  254  399
  8
  10  106  120  134  229  240  388  419
  8
  214  246  260  292  400  411  418  461
  2
  177  231
  3
  2  398  459
  8
  88  91  191  334  396  423  472  497
  5
  3  181  204  359  393
  9
  61  110  139  246  337  379  384  400  472
  4
  224  361  434  497
  3
  120  362  462
  8
  27  110  137  146  172  251  339  386
  7
  87  103  108  111  155  346  488
  8
  6  20  57  195  261  335  398  482
  2
  110  251
  3
  27  310  411
  6
  2  235  300  358  442  463
  3
  33  191  218
  3
  228  241  490
  7
  1  126  171  327  348  411  416
  2
  31  214
  8
  321  338  355  362  363  461  475  495
  4
  234  340  345  486
  6
  30  75  331  410  417  440
  3
  147  425  437
  7
  40  45  227  262  288  298  307
  5
  44  223  268  339  500
  3
  60  340  485
  10
  4  26  95  131  159  259  327  399  420  426
  9
  49  203  227  329  383  409  416  420  454
  4
  142  231  258  408
  6
  22  59  155  278  296  441
  8
  53  100  170  192  229  371  471  473
  8
  122  172  200  268  347  350  414  431
  3
  161  324  423
  10
  4  77  79  91  140  212  237  286  336  396
  10
  10  105  151  212  266  281  287  374  425  455
  9
  121  122  127  164  395  425  437  438  444
  5
  129  182  222  261  357
  5
  122  212  236  256  316
  3
  98  198  263
  10
  59  174  188  189  192  273  387  423  432  491
  6
  234  300  354  379  418  467
  2
  99  116
  3
  52  234  372
  5
  358  361  436  442  451
  7
  6  80  91  169  171  227  452
  5
  205  253  322  354  362
  3
  19  79  470
  5
  38  104  174  333  340
  2
  177  451
  4
  20  53  85  401
  6
  91  94  141  272  427  488
  2
  267  398
  3
  16  94  476
  9
  22  27  86  97  138  229  268  351  498
  9
  41  80  127  219  222  410  444  472  493
  6
  83  155  162  245  355  481
  5
  161  187  236  422  423
  5
  114  161  271  286  406
  10
  31  37  50  95  158  196  208  269  326  425
  4
  224  385  387  391
  6
  318  424  431  447  449  491
  3
  9  56  100
  7
  31  100  110  187  335  338  455
  4
  20  148  350  455
  5
  28  228  283  397  436
  4
  175  178  468  489
  5
  121  155  186  300  435
  2
  29  32
  7
  21  42  88  230  279  280  349
  8
  67  158  288  294  332  371  459  463
  5
  135  158  244  398  420
  6
  98  126  226  261  274  441
  2
  4  204
  4
  233  346  408  450
  7
  36  43  88  245  302  412  448
  4
  33  123  196  261
  10
  17  67  128  240  248  258  348  372  381  390
  2
  75  255
  10
  70  114  117  161  165  175  219  227  339  436
  4
  27  196  210  473
  6
  139  221  383  426  427  432
  8
  7  32  101  116  205  243  303  436
  2
  67  493
  10
  2  3  189  193  314  319  337  353  394  401
  5
  43  90  121  428  449
  9
  33  67  178  186  247  328  364  370  380
  3
  19  155  371
  7
  23  92  109  242  277  351  383
  3
  1  231  249
  3
  207  313  455
  7
  182  198  240  244  344  408  476
  3
  211  236  353
  2
  317  485
  10
  13  72  149  180  198  219  315  368  371  422
  3
  15  115  317
  5
  39  335  396  435  466
  6
  2  76  159  353  379  444
  7
  8  107  129  213  259  437  447
  9
  5  84  105  119  183  274  314  329  396
  6
  66  74  81  87  128  306
  9
  9  83  116  124  146  263  271  372  432
  7
  1  44  50  106  184  246  463
  8
  7  68  240  302  314  352  408  487
  2
  277  465
  7
  28  43  183  224  371  457  497
  3
  50  81  472
  2
  244  299
  3
  166  317  471
  7
  53  94  181  253  261  443  476
  3
  20  35  410
  5
  73  191  285  291  487
  2
  39  249
  9
  29  33  323  339  348  360  374  383  427
  4
  17  370  448  468
  10
  1  172  192  200  251  265  351  425  443  481
  9
  12  56  69  84  138  285  437  461  489
  2
  33  440
  3
  20  78  230
  4
  274  443  475  496
  6
  41  56  108  173  264  314
  8
  53  80  94  106  138  208  215  487
  10
  10  37  334  341  344  386  390  405  440  478
  9
  71  120  223  233  238  259  284  358  432
  9
  86  94  100  157  185  220  463  481  495
  5
  49  104  129  220  347
  10
  107  153  219  242  276  305  315  412  471  483
  8
  109  165  214  300  316  356  370  487
  7
  16  31  260  282  283  368  402
  8
  47  84  91  136  270  336  469  475
  9
  53  80  134  336  342  362  370  496  498
  6
  54  213  231  240  335  445
  3
  37  321  381
  7
  49  107  115  184  277  283  406
  6
  87  253  321  399  459  478
  7
  81  156  158  198  304  438  445
  3
  258  306  390
  7
  52  54  103  231  341  440  472
  5
  38  75  207  288  481
  10
  18  37  88  153  262  295  299  308  350  496
  2
  169  255
  3
  177  256  274
  9
  35  248  296  299  301  360  361  455  484
  7
  61  99  229  282  332  470  492
  5
  18  22  238  311  467
  10
  50  54  70  126  154  241  290  347  432  438
  8
  79  147  148  183  250  266  278  280
  2
  304  454
  6
  125  155  174  186  344  414
  5
  32  70  158  295  494
  6
  55  132  233  261  297  495
  9
  24  63  91  157  274  285  304  343  354
  2
  287  291
  10
  5  145  247  283  284  327  357  429  433  456
  4
  249  355  415  453
  10
  21  43  98  169  243  312  314  407  430  472
  2
  155  252
  10
  7  48  66  67  115  154  241  380  427  458
  8
  24  127  216  262  310  415  425  463
  10
  10  49  105  150  215  293  314  329  485  492
  5
  68  93  209  299  310
  2
  133  460
  10
  88  108  188  213  223  305  365  387  446  478
  7
  21  48  120  267  272  395  461
  2
  61  192
  9
  17  42  106  109  171  394  440  459  472
  8
  186  259  260  268  318  354  367  497
  5
  34  82  220  259  352
  9
  1  112  151  168  271  289  347  440  482
  2
  84  308
  8
  1  111  123  193  299  344  486  492
  8
  78  117  182  219  235  239  443  482
  5
  41  173  193  272  316
  2
  236  384
  8
  47  195  268  407  419  438  443  457
  4
  279  393  430  445
  5
  50  134  253  286  476
  2
  224  263
  5
  156  169  291  444  478
  8
  112  127  274  334  365  372  416  482
  10
  17  30  63  96  214  281  330  407  452  482
  8
  2  130  177  188  301  303  378  391
  5
  137  201  315  437  468
  2
  373  484
  2
  124  494
  8
  50  81  169  215  245  248  409  438
  10
  26  126  236  257  275  290  369  387  389  449
  9
  74  104  136  179  233  339  386  434  474
  5
  55  65  71  153  341
  8
  2  175  273  283  333  398  417  466
  6
  10  79  337  414  417  425
  8
  34  68  125  244  270  333  404  484
  6
  20  48  139  169  210  467
  6
  119  138  184  212  332  500
  6
  17  173  209  237  373  400
  8
  106  246  338  357  386  415  436  452
  8
  70  187  193  278  280  331  344  435
  2
  103  190
  6
  39  102  124  307  339  415
  7
  3  4  59  84  174  331  345
  10
  17  70  107  108  191  261  322  391  476  483
  4
  184  234  365  464
  7
  45  79  117  214  217  274  310
  7
  160  265  301  335  350  394  494
  5
  118  148  332  385  433
  2
  54  246
  6
  139  306  325  332  435  446
  4
  42  97  129  499
  6
  149  380  399  439  464  497
  2
  11  190
  9
  58  61  223  242  260  314  349  464  469
  3
  83  232  246
  8
  22  220  251  302  368  404  447  485
  7
  64  83  93  279  380  395  410
  7
  31  62  166  195  243  281  436
  4
  22  292  318  339
  7
  19  198  240  266  385  438  494
  9
  1  75  97  100  137  282  352  448  459
  9
  9  93  98  118  162  245  300  327  437
  7
  134  282  283  316  318  402  419
  3
  3  258  444
  2
  21  346
  10
  49  93  119  159  193  287  333  374  381  408
  7
  85  235  241  323  339  464  466
  5
  80  192  355  400  429
  6
  90  226  265  336  338  489
  5
  120  231  258  302  325
  7
  20  129  230  256  270  450  459
  9
  29  108  126  175  201  310  318  377  464
  10
  38  44  47  49  139  169  184  225  414  444
  4
  25  207  290  410
  9
  22  40  142  205  238  242  249  278  478
  6
  173  252  389  413  462  471
  2
  70  89
  8
  63  88  153  171  221  228  265  436
  9
  23  82  127  149  150  185  240  277  448
  4
  43  58  343  358
  5
  14  234  277  317  367
  8
  13  226  232  280  353  388  394  483
  4
  29  192  301  481
  3
  147  333  483
  2
  147  275
  8
  53  96  138  158  160  167  456  495
  4
  124  225  250  358
  7
  31  42  84  139  163  218  332
  8
  6  98  137  155  205  319  427  472
  4
  240  305  325  405
  7
  92  142  153  290  291  328  486
  2
  102  324
  3
  15  259  496
  8
  84  157  181  183  251  280  330  483
  7
  153  188  209  212  221  436  464
  9
  68  96  148  160  327  412  436  457  495
  6
  154  173  216  393  405  412
  8
  23  68  128  172  174  176  294  355
  5
  16  141  287  454  477
  7
  7  207  256  404  405  460  462
  6
  269  352  368  395  425  441
  6
  48  129  207  221  302  347
  7
  99  181  243  256  355  416  438
  2
  131  388
  3
  146  399  453
  3
  107  326  375
  7
  61  194  305  388  395  401  475
  3
  84  161  459
  5
  91  102  328  331  462
  8
  64  278  348  350  365  379  449  496
  7
  77  134  155  158  185  231  433
  10
  8  54  79  163  217  233  336  375  407  491
  9
  60  137  168  245  256  363  395  416  474
  3
  64  69  358
  2
  30  369
  5
  126  174  211  273  287
  10
  18  50  71  90  233  236  323  360  397  416
  4
  222  277  397  468
  10
  4  113  116  224  246  293  388  402  439  467
  7
  177  253  348  361  391  467  473
  5
  76  133  221  311  325
  10
  127  138  149  186  208  280  307  346  349  461
  6
  54  150  301  322  377  388
  5
  18  110  232  294  438
  2
  41  487
  3
  313  367  499
  7
  25  49  124  153  207  332  467
  10
  49  77  126  130  198  207  384  450  470  489
  3
  72  254  453
  6
  8  88  249  263  302  333
  4
  50  85  106  167
  6
  13  118  147  173  436  462
  10
  39  133  181  183  260  319  396  484  486  500
  5
  30  181  211  276  320
  5
  101  150  160  259  385
  9
  8  20  188  218  325  395  430  440  495
  9
  104  160  220  221  225  281  348  366  453
  4
  260  273  286  412
  9
  12  43  81  82  236  317  384  419  431
  2
  136  422
  10
  73  77  97  99  113  148  248  263  409  471
  8
  35  80  90  114  123  142  250  433
  5
  36  180  417  433  498
  2
  59  106
  9
  37  52  86  184  205  226  427  453  478
  9
  12  63  123  184  238  270  336  346  498
  4
  12  153  248  479
  9
  17  92  102  103  136  174  207  389  452
  3
  349  432  476
  2
  117  466
  5
  3  280  319  343  443
  3
  31  302  343
  2
  100  131
  8
  165  215  243  347  374  381  400  488
  6
  70  243  289  307  371  457
  5
  25  43  294  341  472
  10
  52  59  100  129  149  154  168  258  330  457
  3
  45  413  495
  5
  57  81  354  415  480
  8
  184  227  245  259  342  379  386  484
  3
  51  71  212
  2
  205  323
  10
  6  22  33  58  170  172  213  380  411  452
  2
  222  447
  6
  113  124  166  233  240  423
  5
  32  287  341  456  477
  6
  39  83  276  278  328  464
  10
  3  85  184  195  220  240  359  383  445  480
  9
  33  48  55  110  114  136  145  233  429
  3
  336  386  488
  10
  56  73  129  152  290  292  363  384  390  435
  6
  28  124  269  335  410  439
  6
  197  256  374  432  444  457
  10
  20  91  177  249  251  283  299  305  379  389
  6
  48  109  198  317  398  462
  9
  13  36  77  177  269  349  355  376  498
  5
  28  161  171  418  419
  6
  66  113  240  287  323  464
  5
  73  87  96  99  481
  3
  193  206  285
  6
  98  198  269  336  470  491
  4
  310  331  411  446
  7
  93  99  106  151  207  375  496
  10
  37  61  140  167  284  295  308  325  350  451
  10
  63  136  217  282  316  351  355  385  407  419
  5
  46  59  338  462  498
  5
  37  137  259  461  464
  10
  1  225  259  280  350  354  370  414  457  472
  4
  60  438  447  493
  8
  1  101  204  213  255  299  459  477
  8
  16  42  120  209  254  265  430  495
  3
  210  309  416
  7
  65  239  240  304  311  427  458
  4
  8  16  189  288
  4
  12  185  388  395
  10
  47  58  95  111  151  241  278  299  300  494
  10
  18  36  98  161  239  279  334  403  404  483
  10
  54  165  220  235  260  298  314  340  445  477
  10
  4  42  78  185  196  231  259  263  477  479
  8
  91  160  208  234  258  342  375  466
  5
  34  288  367  434  496
  8
  6  191  293  320  391  393  476  479
  2
  175  417
  8
  74  83  137  170  197  245  328  441
  6
  53  187  264  358  474  487
  9
  11  72  103  149  161  191  301  352  491
  5
  276  292  336  431  460
  10
  49  125  205  283  299  315  357  378  421  486
  8
  8  16  39  77  216  291  389  434
  2
  299  455
  5
  52  67  115  184  417
  8
  41  59  222  225  254  285  293  336
  8
  19  89  206  259  280  430  448  463
  3
  401  447  449
  7
  127  274  276  337  411  440  495
  8
  168  203  211  328  330  331  339  482
  8
  9  43  54  76  194  288  328  417
  9
  54  178  184  205  229  233  365  434  454
  4
  68  80  130  312
  5
  27  44  60  72  166
  10
  81  116  137  218  220  231  234  273  338  396
  9
  76  80  126  167  180  206  279  405  465
  6
  126  130  276  338  429  476
  7
  136  216  222  234  270  346  348
  5
  73  170  245  308  394
  8
  22  45  69  124  138  146  197  473
  3
  11  195  210
  7
  63  125  176  181  227  231  337
  5
  126  176  212  280  292
  7
  13  36  110  179  337  368  415
  7
  74  181  195  268  324  328  349
  7
  12  163  204  298  307  409  459
  7
  74  105  143  150  280  331  366
  8
  9  94  294  338  341  374  399  446
  5
  46  160  193  283  322
  2
  352  417
  6
  26  51  154  167  289  496
  5
  13  61  109  365  401
  2
  76  172
  7
  3  19  271  340  410  452  467
  5
  56  59  270  294  490
  3
  273  339  493
  5
  19  42  178  193  302
  2
  389  434
  2
  111  248
  4
  51  376  401  425
  9
  24  89  186  228  328  375  447  471  474
  4
  114  196  253  452
  4
  114  156  195  449
  2
  149  211
  2
  373  461
  9
  21  31  47  63  93  172  204  218  363
  4
  41  222  376  377
  8
  67  100  127  132  156  162  414  487
  5
  78  83  245  248  481
  2
  310  319
  5
  115  140  228  278  322
  2
  113  420
  7
  89  358  393  458  474  497  498
  9
  33  85  191  221  230  240  270  338  448
  4
  170  247  397  475
  5
  260  311  389  426  488
  3
  257  312  480
  5
  16  113  132  202  251
  5
  30  98  173  186  239
  9
  82  117  182  202  283  290  298  384  490
  4
  19  52  323  452
  6
  113  217  332  378  412  478
  4
  79  196  201  345
  4
  117  181  233  328
  7
  18  97  247  250  327  358  475
  3
  197  320  445
  6
  104  227  280  328  400  408
  5
  84  350  355  388  396
  4
  233  235  312  459
  3
  377  392  456
  8
  47  52  189  249  269  277  347  388
  9
  8  112  116  207  241  374  417  480  489
  3
  159  303  326
  4
  78  170  231  339
  3
  133  164  356
  3
  44  122  296
  10
  94  102  268  302  331  334  392  429  446  482
  3
  199  209  395
  8
  81  92  168  241  357  363  375  459
  9
  7  61  67  71  197  212  354  408  448
  7
  89  191  217  254  318  418  436
  9
  80  128  173  225  271  339  350  420  458
  4
  67  304  387  452
  7
  112  240  259  278  299  309  353
  10
  124  156  197  219  237  260  265  318  342  462
  2
  10  480
  9
  67  74  108  123  263  306  450  471  498
  4
  148  314  396  404
  10
  25  67  91  121  206  214  284  326  480  486
  10
  42  239  270  315  337  364  382  406  433  444
  9
  18  31  45  167  173  261  290  295  481
  5
  86  148  198  316  366
  2
  170  230
  10
  79  91  93  108  154  179  338  363  486  494
  5
  217  287  331  397  495
  6
  115  155  230  313  391  494
  5
  97  189  255  378  459
  10
  42  75  91  96  133  206  268  276  355  421
  2
  315  433
  3
  73  178  495
  5
  5  33  147  207  306
  8
  93  160  196  245  294  365  383  392
  5
  200  310  335  342  348
  5
  1  170  237  415  417
  5
  16  150  193  390  486
  3
  62  73  374
  3
  89  92  441
  8
  14  104  121  156  330  356  412  419
  8
  49  54  177  193  218  242  318  436
  2
  178  300
  3
  68  264  297
  6
  245  276  326  424  432  468
  2
  298  383
  8
  101  201  255  299  345  349  370  427
  7
  49  108  235  363  411  443  461
  8
  14  27  84  304  392  405  443  500
  10
  43  97  133  152  162  206  231  275  328  356
  6
  83  86  196  208  301  424
  5
  45  135  277  440  470
  7
  41  113  139  187  203  248  399
  4
  82  108  260  431
  4
  99  286  315  342
  6
  79  103  292  375  423  454
  8
  24  39  61  93  119  166  203  210
  6
  107  210  331  366  445  484
  8
  75  157  304  366  386  434  449  498
  9
  38  39  71  164  187  205  289  309  475
  7
  2  25  49  81  235  303  462
  6
  134  258  288  340  397  430
  9
  45  56  120  296  314  362  394  406  498
  8
  30  170  192  209  252  293  336  489
  2
  224  481
  7
  17  39  89  143  156  243  268
  6
  23  26  100  246  342  440
  7
  57  73  169  248  352  362  481
  9
  22  60  100  208  342  363  394  434  446
  7
  89  223  323  354  467  478  496
  10
  72  73  93  145  159  273  317  358  389  476
  10
  55  85  86  94  132  321  365  381  389  451
  8
  79  157  189  215  281  302  344  379
  7
  70  105  242  373  384  468  487
  5
  72  248  323  410  442
  6
  42  117  157  277  387  483
  2
  342  394
  10
  3  126  162  200  306  329  349  391  394  451
  3
  129  300  500
  2
  154  408
  8
  47  131  141  245  290  334  346  487
  6
  63  108  136  194  384  422
  8
  60  229  261  301  314  377  461  481
  4
  13  208  423  443
  5
  38  270  416  433  476
  7
  59  161  217  262  295  405  448
  10
  29  45  55  79  129  139  222  283  306  359
  3
  379  406  445
  3
  87  103  266
  10
  6  12  90  178  243  300  301  336  367  415
  4
  183  314  349  426
  4
  149  335  352  390
  5
  89  132  135  148  319
  9
  72  89  147  173  254  267  410  457  466
  5
  28  160  248  384  444
  7
  4  68  101  135  147  354  468
  2
  21  64
  2
  388  446
  9
  72  158  255  297  298  317  370  404  467
  9
  31  53  65  165  229  249  258  306  316
  2
  57  217
  9
  100  204  230  266  308  331  341  385  433
  6
  75  154  349  356  421  476
  8
  31  49  70  104  197  225  228  407
  9
  159  161  218  292  296  468  472  478  479
  4
  121  213  280  428
  10
  83  119  219  269  272  290  298  361  368  484
  4
  321  389  398  485
  4
  146  172  352  445
  8
  63  131  148  247  300  320  393  495
  9
  15  18  25  115  156  191  232  265  368
  7
  36  58  94  201  275  355  444
  9
  47  53  59  64  99  153  225  246  319
  6
  125  271  285  300  445  446
  9
  14  85  220  239  275  290  330  429  440
  8
  129  215  224  230  272  364  391  440
  4
  179  309  353  464
  9
  24  78  136  208  238  384  426  486  497
  4
  4  27  40  186
  9
  36  44  100  243  254  309  360  461  490
  8
  35  62  98  146  172  236  359  414
  10
  21  74  88  113  286  320  330  364  416  456
  8
  55  75  225  274  303  390  420  455
  6
  25  45  52  304  339  482
  8
  45  78  82  154  184  198  301  419
  3
  307  395  427
  8
  31  139  195  283  334  406  442  473
  9
  36  162  175  176  193  229  400  450  475
  10
  84  136  165  194  196  246  324  369  406  464
  8
  101  104  139  144  338  424  440  464
  6
  20  212  228  414  436  448
  4
  1  93  102  117
  9
  56  81  126  156  206  289  381  382  427
  7
  125  180  195  215  308  353  472
  8
  95  119  182  250  299  308  449  463
  5
  147  294  367  493  499
  7
  35  78  99  183  256  367  450
  3
  13  178  453
  8
  5  69  78  140  142  357  379  499
  2
  168  362
  7
  79  94  224  264  425  426  459
  2
  52  219
  7
  33  131  167  269  280  466  483
  6
  115  159  211  386  474  486
  7
  205  230  281  293  424  461  463
  3
  49  218  431
  3
  160  416  439
  6
  117  204  385  419  463  481
  6
  36  57  186  188  366  480
  8
  35  45  128  158  191  218  352  500
  9
  126  177  185  352  357  399  450  456  491
  8
  82  143  219  249  258  322  364  490
  5
  24  67  172  230  326
  2
  318  381
  10
  17  44  108  187  237  349  380  404  405  458
  3
  17  208  380
