  500  500
  7  5  2  13  15  11  10  20  10  3  14  14  11  5  10  6  16  5  1  19  13  5  8  2  9  6  18  6  20  14  18  2  10  20  4  19  9  18  18  5  4  8  4  6  20  2  9  20  6  3  20  19  14  10  5  18  19  17  10  11  5  18  13  11  3  9  11  15  11  6  19  10  1  19  7  1  4  14  20  16  10  4  18  7  11  15  7  5  14  8  4  5  5  9  19  9  16  16  2  5  2  15  9  17  17  5  15  20  12  16  14  10  9  15  17  10  10  8  5  15  1  8  12  11  7  11  11  8  15  7  18  9  5  13  20  6  16  20  1  20  14  1  12  11  18  5  10  14  1  9  12  18  20  5  9  14  7  12  5  13  5  13  14  6  1  2  4  5  14  4  17  10  7  10  16  10  6  10  10  11  14  19  20  4  19  2  5  16  4  6  8  2  20  18  8  7  19  20  15  3  5  13  7  18  20  15  10  10  3  10  16  11  16  8  16  7  16  10  1  14  3  13  12  1  1  14  20  11  13  2  10  15  20  2  9  4  9  14  2  14  3  16  12  9  2  1  4  16  4  11  18  7  4  20  8  19  9  11  5  14  13  18  20  4  11  6  4  4  6  9  3  8  13  3  2  14  14  15  13  5  13  20  6  15  20  4  5  10  16  15  18  19  10  16  19  18  13  11  12  13  17  7  12  19  17  17  5  9  9  9  8  18  16  5  8  14  15  1  12  3  15  12  8  8  19  10  9  5  12  10  7  18  6  9  17  9  12  2  4  11  11  6  5  10  1  9  3  14  17  17  13  7  3  9  17  5  1  12  6  16  7  20  6  9  18  16  1  2  18  19  16  10  9  8  7  16  8  17  20  17  2  15  17  10  2  20  10  13  17  14  7  19  6  19  14  4  5  2  1  13  12  10  2  15  4  16  12  1  8  13  1  13  2  12  20  15  12  5  7  11  1  12  4  11  8  14  17  6  5  17  5  6  13  2  6  4  6  17  7  13  1  5  1  11  13  6  4  1  11  12  2  6  20  7  13  2  11  19  13  3  10  18  11  19  4  15  1  17  4  9  16  3  14  13  20  7  1  18  20  9  9  14  2  16  18  19  19  11  12  3  18  9  7  5  17  20  14  10  4  4
  4
  29  229  270  305
  5
  5  37  93  174  301
  4
  47  108  131  395
  8
  69  97  180  205  215  261  352  390
  9
  12  31  74  186  189  196  256  321  409
  7
  6  165  203  262  284  387  479
  2
  154  207
  2
  313  468
  7
  33  74  109  136  215  314  497
  8
  11  138  205  227  327  373  375  465
  10
  1  15  70  140  149  240  267  278  411  429
  2
  84  168
  3
  267  278  287
  3
  310  316  368
  10
  27  41  55  111  182  186  216  407  470  486
  4
  60  64  313  363
  2
  313  319
  8
  183  205  220  292  370  428  444  467
  9
  74  131  155  210  228  229  251  370  393
  7
  96  121  249  273  395  444  473
  5
  38  257  322  426  466
  3
  100  254  496
  3
  43  77  391
  6
  35  152  186  290  344  405
  2
  22  163
  4
  243  279  292  399
  6
  18  288  316  320  353  406
  4
  16  29  255  488
  9
  98  197  239  295  327  329  399  422  491
  2
  154  297
  9
  8  60  118  253  303  317  360  380  408
  9
  89  135  216  288  303  384  425  448  483
  6
  4  202  292  342  404  447
  2
  89  108
  5
  47  133  182  197  302
  8
  7  12  78  134  167  255  341  436
  2
  81  491
  6
  33  156  338  361  475  496
  7
  30  102  150  200  321  333  374
  6
  46  220  229  290  297  444
  5
  107  186  237  401  422
  3
  34  203  270
  10
  52  92  151  170  274  291  295  413  489  494
  10
  15  17  41  93  156  224  367  381  394  447
  3
  11  137  209
  4
  36  170  342  499
  10
  3  31  84  137  161  203  257  390  418  454
  10
  71  74  194  251  266  280  292  294  296  358
  9
  147  286  289  309  376  398  436  460  499
  7
  4  56  64  186  198  249  467
  10
  13  93  95  155  164  177  206  296  344  414
  9
  16  248  296  314  326  364  381  402  496
  4
  29  50  333  490
  5
  3  26  131  151  463
  2
  122  183
  2
  101  382
  8
  120  163  208  334  368  384  393  440
  6
  96  248  274  372  381  473
  7
  68  101  153  219  327  443  453
  6
  20  42  319  387  478  488
  7
  51  54  62  124  129  346  390
  3
  40  98  266
  4
  401  426  432  469
  4
  40  268  371  407
  8
  70  82  125  146  163  200  416  420
  2
  216  351
  10
  60  68  122  152  162  170  239  244  390  451
  4
  78  86  135  413
  7
  106  180  181  368  420  449  453
  7
  85  169  175  319  367  421  479
  6
  21  160  221  347  431  447
  4
  181  193  215  251
  2
  237  386
  9
  41  92  187  190  260  343  375  418  472
  3
  30  227  306
  6
  68  210  226  355  363  475
  3
  252  456  474
  4
  60  141  222  319
  3
  130  380  428
  10
  23  94  186  313  341  344  356  366  421  439
  6
  90  93  162  338  380  401
  5
  348  437  449  486  487
  3
  172  224  324
  10
  17  44  72  101  113  179  198  366  411  427
  2
  231  328
  5
  37  82  123  160  226
  10
  51  79  192  237  251  281  316  415  441  472
  6
  90  93  140  167  426  495
  3
  187  419  465
  6
  116  189  235  324  340  441
  6
  186  189  305  311  379  381
  10
  8  93  94  98  164  169  439  443  489  496
  8
  44  57  125  163  295  354  483  488
  9
  78  99  267  299  385  388  401  416  442
  6
  71  98  119  179  353  445
  10
  3  16  241  297  347  351  413  445  465  493
  8
  32  100  143  364  368  400  473  480
  8
  5  22  56  182  206  344  403  408
  6
  57  65  123  188  242  243
  10
  51  99  164  197  198  222  318  367  423  450
  4
  27  30  211  433
  3
  221  461  496
  3
  82  256  335
  10
  11  67  84  87  136  251  257  274  290  391
  6
  72  89  317  322  456  481
  3
  29  192  242
  2
  65  365
  4
  104  138  222  294
  4
  73  248  275  372
  7
  59  151  232  307  377  402  464
  9
  50  112  120  190  204  219  238  293  477
  8
  25  65  97  118  161  313  387  431
  10
  10  37  128  213  219  247  249  371  429  469
  8
  14  77  265  286  291  355  398  437
  7
  172  372  395  430  438  479  489
  6
  366  371  419  445  454  499
  10
  10  13  89  106  175  264  270  358  407  475
  9
  55  117  202  203  212  233  268  283  409
  4
  78  168  296  497
  8
  105  253  255  279  368  370  472  475
  5
  51  87  145  457  468
  4
  145  247  346  422
  9
  126  176  236  261  275  324  370  423  458
  4
  98  216  291  447
  10
  3  15  146  183  188  191  214  248  305  413
  3
  406  476  489
  9
  113  119  235  289  338  368  403  419  440
  3
  322  350  468
  3
  211  315  370
  7
  86  91  161  197  252  303  376
  4
  219  221  393  472
  10
  60  64  99  108  125  188  322  327  421  424
  6
  62  65  111  120  195  370
  8
  39  141  154  259  274  344  419  444
  5
  63  234  250  284  309
  9
  73  163  190  240  256  278  304  435  494
  6
  94  107  129  166  288  477
  5
  113  132  176  197  310
  5
  105  268  340  418  496
  7
  12  66  134  149  153  163  475
  8
  32  33  98  141  232  299  330  377
  5
  115  140  310  339  403
  10
  57  70  91  145  147  170  198  306  410  498
  3
  3  200  388
  8
  93  115  118  158  255  294  403  480
  3
  131  225  404
  2
  138  445
  7
  7  114  223  283  329  398  488
  5
  94  263  265  278  306
  8
  6  139  141  216  224  308  369  373
  2
  63  335
  6
  2  85  341  355  402  480
  2
  176  443
  10
  117  139  142  169  197  198  262  382  395  470
  8
  15  112  149  178  278  329  336  458
  2
  337  350
  10
  64  141  192  228  244  359  388  404  415  433
  6
  53  97  144  304  463  493
  4
  84  162  333  365
  2
  6  485
  3
  31  47  430
  10
  21  49  124  164  205  280  316  402  431  488
  7
  13  46  209  310  315  411  493
  3
  97  226  471
  7
  18  47  74  117  258  287  393
  7
  33  40  227  235  293  324  359
  2
  241  290
  2
  126  349
  6
  77  125  227  351  434  488
  5
  113  227  229  296  476
  3
  176  308  459
  2
  163  432
  2
  307  378
  5
  28  160  248  256  414
  3
  150  173  477
  4
  262  408  412  493
  5
  176  249  255  269  317
  10
  26  41  167  183  226  284  288  426  434  484
  5
  101  154  163  383  433
  8
  52  144  161  213  271  324  404  436
  2
  49  178
  9
  109  124  157  229  236  243  281  400  426
  7
  28  212  234  248  387  437  459
  3
  50  172  404
  5
  4  134  247  412  433
  10
  69  330  383  406  407  430  431  442  460  498
  9
  53  159  189  247  259  313  323  411  445
  10
  2  160  193  198  257  275  397  448  469  472
  10
  13  14  48  132  262  370  376  413  422  475
  5
  58  144  246  317  364
  9
  86  113  129  168  249  325  460  473  496
  9
  8  41  65  100  225  289  352  362  423
  5
  20  139  179  335  347
  10
  15  37  39  43  294  308  356  421  454  494
  4
  69  78  100  375
  5
  129  208  389  411  495
  4
  76  105  196  252
  10
  54  73  75  81  88  293  368  411  425  471
  4
  275  390  416  422
  7
  3  109  182  239  262  401  489
  4
  162  354  356  487
  8
  16  103  160  196  302  391  410  435
  3
  166  337  415
  3
  127  298  408
  3
  44  285  310
  3
  204  280  300
  2
  80  170
  4
  144  275  349  386
  8
  126  166  172  226  266  293  347  414
  10
  15  21  99  110  193  208  295  351  451  477
  10
  112  168  269  282  392  420  431  461  466  470
  3
  8  117  478
  7
  4  196  256  305  419  457  463
  5
  150  264  325  342  388
  5
  102  225  360  369  463
  6
  61  145  252  254  281  380
  7
  78  82  158  174  320  337  462
  10
  2  111  137  192  241  319  348  452  457  458
  5
  122  160  327  423  490
  8
  2  72  75  118  239  359  465  474
  7
  11  34  156  257  274  419  494
  6
  77  87  206  270  355  437
  9
  28  120  223  232  289  335  356  363  459
  10
  4  20  130  166  177  182  186  261  274  482
  2
  120  254
  8
  15  106  277  301  361  366  390  441
  8
  14  79  185  214  275  313  406  496
  6
  36  54  136  281  353  465
  2
  311  339
  4
  42  82  432  485
  7
  3  107  111  199  348  353  441
  10
  4  60  86  163  217  263  321  334  346  348
  3
  133  293  321
  9
  29  40  49  55  94  123  149  265  417
  4
  131  431  458  467
  5
  13  108  166  322  356
  2
  62  393
  10
  43  73  112  124  182  195  250  323  349  463
  7
  288  293  364  435  486  490  494
  6
  5  62  161  301  398  495
  2
  5  230
  3
  14  133  215
  3
  12  359  474
  7
  26  38  109  221  272  332  451
  2
  267  368
  8
  9  54  75  205  221  225  445  447
  2
  14  453
  7
  8  12  125  245  358  374  499
  9
  65  121  234  249  273  403  409  431  460
  4
  50  93  101  334
  8
  90  174  305  453  459  475  477  487
  3
  19  201  326
  9
  23  29  39  93  118  305  320  387  446
  10
  12  101  132  156  212  230  263  390  426  449
  7
  14  22  65  108  162  310  478
  8
  10  123  141  327  403  419  444  464
  6
  22  99  120  274  288  417
  5
  101  173  237  423  431
  7
  66  91  94  138  195  205  474
  10
  12  26  33  88  123  250  266  330  343  394
  9
  3  52  117  226  252  266  287  294  491
  6
  18  208  267  369  407  412
  10
  37  38  136  175  264  265  297  315  458  491
  10
  137  200  238  310  337  338  394  399  412  475
  6
  58  165  179  207  481  495
  10
  61  183  201  240  255  283  286  385  411  446
  4
  119  244  255  400
  2
  58  389
  10
  56  141  162  204  224  308  345  418  476  482
  3
  226  297  446
  8
  25  39  105  116  153  390  429  477
  4
  150  193  302  400
  8
  53  66  124  209  371  444  463  480
  9
  10  73  154  168  200  238  328  436  450
  10
  27  49  109  112  177  205  372  425  458  480
  2
  29  462
  9
  1  3  149  167  169  216  364  390  425
  7
  20  107  252  341  349  355  429
  5
  83  202  223  260  288
  4
  203  295  385  422
  8
  1  113  151  163  200  355  394  417
  6
  48  100  187  198  229  476
  3
  49  106  372
  5
  5  78  412  448  473
  7
  23  82  88  267  316  372  500
  4
  165  231  266  377
  9
  20  166  179  228  250  321  376  449  480
  5
  53  92  98  237  468
  9
  90  133  183  198  204  253  313  318  354
  8
  53  130  169  222  240  282  390  393
  8
  8  83  166  227  240  246  262  480
  2
  102  325
  10
  25  47  54  64  73  171  185  187  371  409
  7
  8  65  92  170  345  391  468
  2
  100  415
  10
  2  29  192  213  231  234  239  244  283  420
  6
  31  69  74  323  444  445
  9
  13  113  266  282  328  352  475  478  498
  4
  74  204  246  296
  8
  8  61  82  180  204  244  298  410
  10
  4  15  125  226  241  315  362  391  410  426
  6
  31  215  274  334  409  435
  8
  121  184  299  328  354  413  429  480
  2
  92  334
  4
  85  123  174  359
  6
  47  275  362  389  428  444
  5
  52  223  293  375  440
  9
  9  128  155  173  333  408  413  430  435
  9
  73  124  129  237  251  309  406  407  441
  9
  6  23  27  230  340  376  383  488  489
  4
  58  179  255  349
  10
  21  53  107  152  275  314  317  370  442  491
  2
  119  493
  6
  7  289  315  334  350  407
  3
  160  412  422
  4
  205  298  325  497
  7
  15  71  72  75  229  259  354
  2
  170  408
  9
  10  50  64  238  281  298  340  375  470
  9
  67  89  115  156  196  306  315  322  498
  6
  57  141  186  234  316  394
  2
  202  312
  2
  181  268
  8
  20  36  61  96  111  139  322  328
  8
  162  265  276  397  405  458  473  486
  6
  63  67  94  110  351  479
  3
  183  202  498
  8
  145  162  170  189  280  324  432  452
  2
  166  186
  8
  25  171  204  246  338  401  423  437
  2
  110  330
  10
  7  35  85  153  264  361  397  424  468  484
  8
  102  168  194  197  311  350  460  474
  4
  194  389  399  440
  6
  55  170  181  193  285  322
  9
  81  107  204  239  294  358  379  395  406
  3
  153  265  312
  10
  45  56  201  277  319  346  369  398  476  481
  2
  41  372
  8
  20  100  118  156  163  215  471  487
  7
  42  179  255  296  365  446  472
  4
  97  195  336  458
  5
  86  267  338  349  443
  7
  36  81  100  149  206  225  349
  7
  157  220  351  375  392  490  497
  10
  23  31  163  253  322  359  384  386  403  493
  4
  77  256  458  498
  5
  70  71  76  226  491
  7
  95  117  291  337  361  446  477
  4
  184  211  330  384
  2
  94  288
  5
  245  381  403  438  478
  9
  67  79  115  137  205  283  309  390  408
  7
  85  146  209  239  349  375  437
  3
  23  122  457
  4
  57  105  146  365
  6
  71  171  266  306  412  473
  3
  6  147  457
  7
  190  201  270  358  404  416  468
  2
  53  280
  3
  154  307  438
  5
  197  207  306  372  398
  8
  39  43  61  150  164  319  358  410
  8
  24  88  137  207  259  295  361  485
  9
  56  82  160  199  285  307  319  372  393
  8
  5  145  170  188  219  229  400  464
  5
  48  64  130  268  292
  7
  40  151  228  244  270  314  472
  9
  43  134  181  260  286  334  337  410  447
  7
  41  122  177  193  196  386  451
  2
  6  193
  7
  53  200  212  261  273  320  417
  9
  35  86  110  202  357  386  421  422  441
  8
  145  167  208  211  262  294  296  465
  6
  109  271  330  343  419  481
  2
  208  426
  7
  30  57  168  219  272  280  455
  4
  196  363  409  423
  6
  47  153  323  361  373  404
  9
  33  137  158  200  215  239  241  317  459
  9
  7  50  97  181  202  364  375  390  447
  5
  134  241  307  410  440
  5
  88  127  249  409  431
  5
  99  128  136  249  393
  9
  12  29  265  303  346  355  391  404  439
  6
  83  109  375  395  463  485
  10
  111  122  213  247  274  297  352  377  454  474
  10
  179  228  254  276  277  325  395  420  462  500
  6
  5  174  178  226  253  376
  4
  6  128  231  349
  3
  110  231  439
  2
  126  345
  10
  60  110  206  257  349  414  417  423  442  444
  10
  93  117  121  220  289  344  375  385  402  445
  7
  85  98  188  193  244  418  475
  5
  59  64  194  366  396
  8
  111  140  175  180  199  202  360  458
  9
  69  92  116  181  187  238  320  326  348
  4
  50  88  110  320
  9
  12  190  199  261  303  319  345  346  436
  7
  119  228  266  328  365  387  448
  5
  3  75  120  148  456
  5
  74  171  262  275  316
  8
  54  70  123  124  203  332  394  474
  10
  54  55  57  123  133  199  253  302  309  470
  8
  50  97  277  291  319  339  350  410
  4
  107  191  213  305
  4
  138  209  248  357
  6
  42  61  110  343  352  495
  9
  105  106  230  239  382  394  445  480  482
  5
  23  268  411  413  430
  6
  4  141  170  189  221  491
  8
  138  157  212  328  330  396  408  457
  3
  44  60  283
  9
  44  51  106  127  217  258  300  352  353
  4
  33  130  265  435
  3
  99  125  314
  8
  138  159  250  293  319  400  405  487
  10
  1  46  63  144  159  168  281  301  317  407
  7
  19  82  108  252  275  329  448
  10
  10  43  124  199  223  226  234  289  472  480
  4
  17  155  204  266
  6
  28  215  245  341  358  422
  3
  208  341  417
  7
  61  72  78  200  203  333  393
  10
  21  48  125  151  232  250  298  377  424  472
  4
  219  292  378  423
  7
  61  109  124  230  283  360  446
  2
  90  142
  6
  12  232  300  434  471  492
  2
  297  387
  3
  36  371  479
  10
  108  109  131  230  294  296  307  312  426  473
  2
  201  277
  10
  17  97  125  183  243  295  303  409  428  437
  10
  111  176  184  190  202  210  331  338  371  440
  3
  90  269  353
  2
  184  408
  2
  215  302
  8
  20  182  187  223  270  293  376  459
  8
  5  147  223  283  289  308  360  379
  2
  2  84
  8
  82  149  256  299  321  416  461  468
  10
  22  74  78  135  167  227  250  265  367  438
  3
  106  176  400
  10
  47  53  70  87  136  206  262  265  409  450
  3
  32  133  429
  9
  12  64  160  202  313  326  334  354  397
  4
  98  149  249  257
  8
  20  53  80  127  295  303  383  426
  9
  22  91  98  186  281  313  337  349  437
  2
  230  357
  2
  14  296
  6
  8  36  136  169  214  494
  2
  201  432
  5
  121  179  339  396  497
  6
  7  69  128  261  263  347
  8
  59  79  91  127  170  214  288  343
  10
  50  66  68  86  100  214  215  219  454  482
  3
  68  147  305
  2
  109  237
  8
  8  59  221  325  344  348  414  474
  9
  34  61  123  124  177  190  210  348  431
  6
  42  55  100  165  377  422
  3
  162  175  264
  9
  28  37  91  241  353  369  420  455  492
  5
  330  394  404  439  467
  3
  318  417  422
  9
  8  174  191  222  304  322  367  382  443
  6
  91  138  208  285  311  320
  5
  222  229  258  288  404
  5
  13  172  385  394  414
  10
  132  272  299  341  371  396  420  469  497  499
  3
  257  408  445
  8
  37  118  144  151  178  197  215  474
  4
  32  356  384  474
  8
  51  250  251  266  297  329  336  430
  5
  222  253  368  413  490
  7
  56  100  274  288  339  411  413
  5
  209  339  345  440  458
  8
  53  157  169  220  309  357  360  364
  6
  94  108  261  315  383  436
  8
  45  132  253  274  325  364  365  400
  2
  57  304
  7
  74  86  132  164  238  361  486
  4
  32  46  295  443
  7
  23  125  220  359  397  403  455
  3
  84  198  335
  3
  413  473  496
  2
  142  434
  8
  35  118  163  293  305  426  443  476
  6
  1  111  339  357  398  445
  6
  44  124  159  248  353  456
  9
  15  62  96  146  147  310  383  393  463
  9
  27  28  85  153  163  185  215  368  437
  7
  121  127  180  181  204  241  461
  4
  211  333  381  410
  5
  66  134  286  411  494
  2
  27  274
  6
  98  104  144  227  326  374
