  1500  500
  7  7  14  13  9  1  16  8  14  5  20  7  17  13  2  4  5  9  20  19  19  9  16  2  13  6  16  6  14  16  19  16  11  17  4  9  16  9  8  12  8  15  14  13  10  4  5  14  6  19  14  20  13  6  19  11  4  5  7  7  18  19  10  18  9  4  5  20  16  20  12  16  16  11  9  18  15  2  3  2  9  9  16  7  2  11  9  4  20  7  8  14  6  3  4  2  10  19  4  11  5  20  18  15  5  20  13  15  2  14  18  8  15  8  9  11  4  15  20  8  13  6  20  8  8  7  15  19  20  10  8  12  5  7  4  7  11  7  4  3  17  9  2  2  5  7  3  13  6  4  16  14  11  4  4  16  15  13  5  20  17  19  7  18  19  3  4  20  10  16  15  7  14  1  10  17  7  5  4  8  4  18  14  19  6  8  2  18  6  14  19  9  7  14  7  13  16  14  20  2  1  3  10  11  13  13  9  13  6  14  8  3  19  19  7  14  1  13  12  13  19  8  19  18  2  8  15  20  14  7  19  15  18  11  3  6  14  7  18  13  11  16  10  18  19  13  16  9  14  1  8  5  16  19  18  4  7  17  7  7  12  6  8  12  18  12  4  9  11  10  1  12  3  16  17  12  8  4  4  16  18  2  14  1  14  1  18  11  13  15  6  6  14  9  12  4  10  4  10  15  1  2  17  3  11  20  7  13  4  6  7  9  19  15  20  17  16  5  20  16  11  20  12  1  13  7  5  20  7  7  15  3  17  10  6  13  19  13  19  10  3  15  4  5  7  8  12  11  16  1  6  14  6  2  15  20  2  8  6  3  4  17  18  18  6  4  16  11  5  4  4  20  10  12  12  14  1  12  6  5  11  17  10  12  4  9  18  11  16  9  17  17  3  12  7  17  3  10  18  3  5  5  14  20  2  5  5  19  12  12  14  9  9  16  4  9  13  12  11  1  18  7  5  15  15  16  3  7  1  12  4  13  11  18  11  12  5  3  10  12  1  1  15  14  11  9  15  6  3  9  1  4  11  19  17  15  9  10  7  13  12  13  1  20  13  18  7  9  14  2  18  15  18  20  11  6  3  2  4  12  13  17  1  7  2  14  15  10  12  13  4  15  14  8  1  1  19  3  18  6
  15
  14  123  137  158  163  172  194  208  221  229  270  371  393  414  479
  20
  11  34  60  70  110  142  161  197  211  263  281  297  318  330  436  441  456  476  488  491
  16
  39  43  48  84  172  237  303  306  319  389  412  430  436  445  472  476
  4
  95  102  149  495
  6
  173  202  246  278  378  477
  6
  63  79  107  122  222  462
  16
  2  55  109  184  192  233  253  259  300  314  315  323  344  363  418  496
  10
  213  224  302  309  330  332  335  344  436  496
  10
  62  152  165  181  282  344  353  362  408  409
  4
  9  184  267  479
  9
  8  55  145  157  176  255  284  310  366
  8
  40  125  166  193  311  321  483  494
  20
  19  47  57  67  98  206  269  279  281  284  338  339  346  363  403  423  428  442  457  497
  12
  63  77  152  215  276  296  303  307  333  405  431  446
  8
  17  77  112  124  136  261  380  488
  20
  19  81  113  130  151  172  176  181  183  223  271  299  305  346  383  384  395  416  476  492
  19
  16  47  62  122  162  167  177  198  206  263  291  326  341  351  435  445  449  454  458
  14
  2  31  36  38  60  64  126  162  192  249  275  354  424  436
  13
  116  119  131  173  182  343  377  383  404  418  441  457  492
  13
  15  76  78  89  190  224  227  370  385  398  437  484  500
  17
  16  50  62  84  104  162  181  187  224  243  244  270  340  347  374  436  439
  2
  127  341
  2
  162  323
  9
  6  34  70  74  134  142  332  460  476
  5
  188  360  386  449  498
  15
  15  17  30  49  103  105  143  148  209  242  316  446  469  473  487
  2
  117  132
  5
  19  46  90  96  425
  14
  54  90  98  102  169  176  177  252  265  409  412  452  458  473
  7
  13  65  69  73  276  370  433
  4
  11  130  363  490
  9
  65  66  250  276  299  430  447  459  479
  8
  7  25  49  210  307  352  432  469
  10
  10  112  153  155  195  261  297  455  468  482
  20
  14  35  60  70  84  120  190  231  239  282  321  345  397  408  431  434  442  458  469  470
  11
  64  75  83  115  250  264  268  277  323  339  443
  17
  77  79  88  126  185  188  194  218  231  283  289  301  394  403  421  458  472
  2
  13  76
  13
  23  74  101  123  133  168  272  363  367  424  441  466  488
  14
  20  39  80  113  114  119  124  285  330  333  352  466  468  494
  10
  114  151  172  190  195  289  308  401  407  451
  3
  444  478  488
  19
  34  83  130  170  178  196  243  249  262  323  347  374  377  385  402  410  432  437  500
  6
  9  81  128  134  150  449
  2
  63  283
  8
  35  38  82  98  128  143  157  395
  15
  71  97  144  197  219  224  239  276  278  279  280  380  383  403  426
  12
  34  45  55  69  218  233  245  304  425  428  473  483
  4
  34  176  230  316
  3
  30  108  111
  6
  98  194  196  219  261  262
  6
  76  205  218  292  416  432
  8
  44  85  96  134  292  365  477  479
  12
  123  134  171  176  212  218  258  293  379  384  435  482
  9
  106  165  169  256  279  284  346  398  454
  5
  51  67  93  141  155
  8
  74  185  242  309  388  462  476  498
  13
  21  89  103  156  181  193  218  290  305  323  379  414  494
  9
  95  168  201  251  261  272  339  405  415
  6
  44  251  254  277  309  451
  3
  36  202  307
  14
  5  30  115  173  175  184  207  303  332  342  375  377  422  478
  11
  54  56  85  124  213  265  394  396  421  453  454
  10
  16  95  132  234  247  264  297  317  416  446
  15
  2  29  79  82  161  178  210  214  215  253  327  330  362  392  411
  12
  34  61  95  111  325  386  414  422  425  432  442  456
  5
  5  22  142  191  366
  15
  26  28  99  139  161  173  199  212  220  270  382  384  400  415  498
  11
  2  34  59  62  88  140  153  186  267  307  497
  14
  38  39  44  74  78  80  103  142  385  410  428  441  446  461
  11
  31  59  170  206  240  299  336  346  380  454  474
  19
  15  85  97  124  152  163  180  181  280  282  291  293  297  319  347  349  443  461  474
  4
  79  92  229  446
  5
  81  131  273  436  440
  11
  43  151  186  187  201  215  228  296  398  470  494
  8
  55  74  81  181  208  221  388  475
  19
  28  62  78  79  97  140  155  222  230  268  320  329  378  379  437  439  440  445  467
  20
  37  81  108  135  137  148  209  227  228  257  271  290  312  368  379  390  408  453  475  498
  9
  31  32  109  110  121  295  471  487  490
  14
  1  40  44  77  135  145  157  223  264  304  317  354  430  466
  4
  237  259  263  318
  20
  29  91  109  110  122  130  162  197  232  234  277  307  353  379  399  411  445  478  493  498
  19
  8  21  39  57  70  77  84  138  141  219  222  278  321  322  329  369  383  394  440
  14
  26  87  96  113  114  146  150  163  215  230  281  305  382  386
  17
  16  49  160  179  188  191  212  265  291  334  339  348  384  392  403  429  499
  10
  52  79  163  183  262  274  280  353  456  463
  9
  2  74  127  128  184  207  359  366  435
  7
  25  272  275  319  362  411  418
  9
  48  124  128  131  177  270  292  377  469
  15
  32  40  45  81  122  150  207  214  219  324  355  376  426  451  470
  19
  42  73  134  154  155  208  237  242  245  266  270  348  365  390  396  449  453  476  478
  12
  56  72  74  110  229  279  314  433  442  459  463  478
  11
  69  70  73  145  149  176  183  397  427  459  495
  8
  2  21  52  173  288  312  375  391
  14
  8  12  17  62  79  116  125  138  214  228  330  364  405  485
  20
  4  9  17  52  114  126  152  171  210  242  249  269  272  310  312  319  329  335  423  433
  11
  27  176  178  247  277  302  366  412  417  483  495
  20
  57  78  80  85  127  163  202  215  243  277  299  329  338  343  354  412  432  448  468  479
  2
  332  421
  18
  5  6  29  63  109  172  174  239  251  303  355  366  374  394  411  432  471  475
  11
  100  167  195  264  285  299  318  338  425  446  450
  20
  8  73  113  115  120  132  140  142  170  217  227  248  307  312  335  336  346  397  407  439
  6
  35  76  235  384  413  448
  18
  44  55  62  81  94  110  130  222  227  234  264  272  315  367  405  408  414  488
  2
  235  485
  4
  97  115  206  345
  10
  3  102  115  275  299  320  370  391  404  430
  18
  47  78  120  167  182  249  267  305  317  327  334  335  342  344  360  382  443  477
  5
  2  11  137  148  167
  16
  2  96  159  204  240  248  343  365  370  390  405  427  435  455  462  496
  12
  26  47  64  65  73  87  215  226  266  301  381  500
  11
  18  32  158  208  289  307  363  428  436  451  465
  9
  26  170  193  282  284  332  362  383  468
  20
  28  40  44  79  95  106  145  146  197  215  241  245  248  250  258  287  342  367  387  428
  9
  31  62  136  158  202  265  266  341  342
  12
  26  28  205  230  246  266  280  331  368  426  439  444
  18
  34  71  103  138  140  144  158  161  171  186  187  239  252  285  304  308  418  487
  17
  46  174  185  189  191  207  233  269  290  296  305  324  343  370  381  453  491
  12
  59  61  120  135  143  152  168  189  277  307  333  466
  14
  87  93  118  244  249  261  303  316  317  330  337  344  368  447
  14
  35  62  125  167  216  225  227  257  283  327  363  377  485  489
  9
  31  91  92  111  247  269  362  372  478
  7
  76  126  182  245  347  362  436
  16
  27  41  68  95  112  113  208  261  267  292  310  321  337  381  445  479
  14
  1  2  3  100  107  160  232  258  281  311  348  395  417  436
  19
  6  68  80  85  129  132  205  214  222  224  239  284  312  342  371  424  426  434  480
  13
  1  45  92  115  224  254  287  300  311  410  432  466  468
  14
  73  169  209  214  240  241  278  300  315  345  349  358  397  444
  12
  6  39  47  68  74  195  210  230  236  439  440  489
  20
  5  15  75  80  107  114  123  129  135  141  231  262  277  290  308  353  403  408  441  464
  8
  100  110  220  232  247  372  469  500
  11
  61  82  102  176  222  233  255  258  299  359  381
  14
  116  125  134  173  222  225  260  277  289  353  394  415  460  479
  5
  125  166  246  306  349
  9
  7  31  50  109  136  304  349  364  428
  9
  91  148  155  225  283  330  436  438  474
  7
  86  126  138  214  359  391  450
  17
  23  86  95  151  153  165  189  203  283  285  308  315  323  365  384  385  485
  2
  78  335
  15
  1  18  23  53  83  135  168  170  176  179  218  220  258  321  437
  5
  128  174  197  300  372
  6
  63  167  197  217  263  348
  16
  25  39  46  70  90  91  157  282  287  381  386  398  412  480  491  494
  16
  21  75  82  100  116  130  236  254  263  289  301  304  310  403  436  447
  3
  91  116  119
  18
  16  28  40  94  96  101  108  131  187  263  320  330  343  344  359  370  389  391
  14
  10  51  75  85  100  139  182  256  299  310  399  421  484  491
  20
  64  100  111  124  131  145  169  182  189  194  215  264  308  350  376  388  413  419  449  476
  4
  82  208  215  417
  8
  1  67  130  171  266  305  380  395
  6
  46  88  174  315  322  354
  15
  51  130  194  200  255  256  257  260  282  293  418  419  452  453  476
  19
  2  42  58  151  163  169  183  201  253  273  306  327  347  360  362  429  438  440  460
  4
  223  351  359  376
  10
  2  81  94  172  177  217  230  269  282  348
  11
  134  147  165  190  208  270  327  343  437  440  452
  7
  18  169  297  317  319  330  445
  8
  17  82  88  107  242  258  402  459
  3
  313  329  435
  5
  68  258  308  449  468
  4
  237  253  396  440
  14
  17  42  52  54  90  100  209  247  252  265  284  351  417  433
  4
  57  154  428  491
  9
  115  129  174  206  248  298  300  316  356
  17
  53  81  107  119  122  136  150  179  234  260  350  351  353  403  425  471  473
  18
  14  38  73  82  105  146  208  224  296  306  313  318  383  412  420  433  438  464
  15
  38  69  189  203  247  257  275  282  358  383  384  397  420  458  500
  8
  5  67  154  204  329  408  440  445
  4
  70  204  210  279
  13
  15  34  104  108  114  165  284  339  359  378  413  459  460
  13
  122  165  183  212  222  296  303  334  355  362  413  415  419
  4
  173  297  353  491
  17
  4  68  80  98  137  154  169  192  235  260  265  284  368  424  427  435  468
  7
  184  304  312  401  413  459  495
  17
  110  127  179  181  189  227  244  318  334  347  385  399  400  441  451  461  479
  15
  5  15  22  59  108  172  251  257  304  312  337  397  422  461  495
  20
  6  9  27  81  94  137  178  180  204  259  262  297  312  318  345  414  418  439  467  488
  5
  47  108  112  390  399
  16
  38  49  76  99  101  138  158  182  230  283  294  305  356  374  411  413
  4
  72  110  217  410
  13
  15  34  44  82  123  140  285  325  408  430  463  489  497
  9
  13  29  43  220  231  275  391  400  439
  18
  7  47  58  93  94  127  141  182  222  235  248  261  298  304  323  365  375  411
  20
  3  23  33  152  206  242  263  268  273  277  284  295  304  305  346  353  356  368  429  483
  17
  3  29  50  52  74  110  116  126  172  271  290  354  391  418  420  460  491
  5
  37  73  157  182  481
  14
  22  27  75  137  168  177  209  251  283  290  298  361  423  430
  5
  160  257  276  342  349
  20
  14  15  51  79  80  90  128  156  225  228  232  241  278  301  318  319  325  444  484  487
  12
  7  123  161  214  349  352  366  411  423  428  497  498
  3
  326  442  448
  10
  6  101  219  265  286  327  331  339  419  499
  10
  24  67  82  96  148  264  341  380  387  417
  16
  11  31  88  89  146  147  159  167  185  215  225  269  323  410  433  485
  8
  36  260  295  306  365  428  438  450
  11
  67  124  157  173  236  291  308  316  331  454  466
  20
  9  10  25  74  78  89  99  140  162  163  240  246  272  283  323  358  376  379  428  472
  11
  117  159  268  292  343  357  381  434  436  441  487
  5
  50  83  97  206  296
  5
  267  411  459  471  497
  9
  109  137  154  349  390  402  434  477  493
  9
  11  51  55  88  106  244  268  362  475
  17
  20  43  75  141  213  240  263  275  296  322  353  355  360  373  431  460  498
  5
  129  222  231  393  421
  7
  52  90  146  152  287  291  423
  8
  46  71  103  168  203  376  404  469
  7
  18  68  110  163  193  307  418
  6
  24  27  56  213  289  296
  4
  43  74  156  179
  3
  115  167  484
  3
  102  157  399
  10
  176  199  230  237  271  305  308  395  462  487
  8
  7  55  65  140  183  324  334  482
  2
  294  392
  6
  36  82  196  228  307  454
  8
  13  94  288  305  307  399  416  419
  12
  55  97  109  112  133  213  230  313  343  391  477  488
  19
  7  41  88  139  147  163  164  177  185  189  192  198  212  242  281  341  417  425  485
  20
  4  21  99  108  186  187  188  211  228  264  295  300  311  363  450  452  469  470  473  487
  8
  55  75  179  272  299  307  394  491
  13
  79  85  93  96  144  148  174  237  345  354  359  363  370
  15
  43  70  93  180  213  215  224  253  282  286  314  333  416  471  497
  7
  72  82  206  247  284  424  483
  14
  31  34  40  140  152  153  281  317  360  367  401  407  419  440
  20
  16  26  63  108  128  161  213  220  257  272  297  302  364  372  405  419  486  489  493  494
  8
  13  64  133  157  219  275  340  413
  14
  40  62  63  109  113  119  121  220  298  299  436  451  483  489
  15
  14  28  45  57  72  147  168  230  275  291  344  408  433  463  475
  16
  25  31  55  150  168  197  239  248  255  264  291  344  350  395  417  466
  8
  35  43  176  237  359  389  456  485
  6
  20  24  229  266  307  422
  8
  6  39  65  136  155  326  439  483
  5
  182  247  361  371  436
  5
  15  53  202  236  319
  16
  1  21  66  165  181  191  247  260  274  333  361  386  398  415  432  459
  10
  24  57  123  286  290  349  428  446  477  497
  3
  257  298  401
  19
  14  28  76  101  134  146  166  189  197  213  263  284  289  290  334  358  371  425  444
  2
  10  416
  17
  9  35  38  45  49  76  78  100  111  132  180  259  293  387  390  465  499
  14
  11  17  95  158  213  231  290  324  413  415  419  468  489  496
  7
  42  135  175  190  264  320  452
  8
  28  99  122  128  144  375  455  470
  6
  153  158  226  314  348  430
  7
  36  85  187  191  231  323  490
  6
  90  94  106  270  330  403
  8
  159  250  273  327  400  443  453  489
  15
  11  53  76  90  116  157  240  311  348  356  373  394  415  440  463
  16
  28  55  95  221  259  304  316  321  363  369  382  422  427  441  451  495
  14
  166  172  192  196  234  273  287  304  328  350  401  436  445  463
  18
  1  38  45  58  72  106  135  153  155  180  242  272  314  336  353  358  366  436
  15
  33  56  164  170  196  200  237  268  377  415  419  421  447  456  477
  13
  5  121  263  305  321  325  352  391  404  422  468  497  498
  9
  64  177  274  275  374  378  411  445  481
  2
  377  484
  4
  207  290  328  421
  11
  16  18  89  168  173  244  292  304  309  456  489
  13
  12  41  125  281  290  295  311  352  374  402  459  465  495
  20
  14  35  38  41  55  89  99  103  107  119  122  124  182  205  266  349  358  400  435  444
  12
  35  54  69  115  153  187  191  228  255  313  433  472
  2
  99  315
  6
  16  97  297  381  424  470
  5
  18  81  186  259  413
  18
  61  94  95  141  157  158  204  251  255  264  267  289  330  340  360  398  435  481
  6
  14  123  127  133  152  201
  4
  131  221  371  488
  12
  81  149  169  222  288  328  354  410  431  451  454  481
  17
  6  10  57  134  142  163  180  185  197  204  251  334  342  361  464  465  481
  18
  1  3  4  15  37  48  74  79  91  111  227  234  243  254  356  426  474  481
  10
  20  60  101  131  159  230  252  302  332  345
  11
  9  89  94  280  310  333  390  454  457  467  497
  12
  8  26  33  106  141  243  295  310  355  404  406  430
  20
  17  36  79  137  138  203  204  231  239  276  287  346  350  382  396  412  453  464  466  468
  5
  79  146  186  256  317
  11
  68  113  124  141  167  188  199  286  308  316  385
  19
  29  62  113  146  163  175  191  236  242  276  298  300  331  345  366  389  428  466  480
  9
  33  38  68  119  144  169  233  279  424
  6
  78  157  171  462  485  490
  18
  38  56  92  115  125  131  147  154  222  223  232  280  296  314  363  389  408  482
  10
  11  23  41  53  285  301  407  432  446  491
  7
  24  27  33  81  112  288  398
  16
  46  49  125  173  285  289  298  329  338  370  388  427  429  457  483  497
  17
  1  2  7  101  215  219  226  232  269  291  342  357  367  371  419  482  483
  6
  140  149  192  218  221  422
  7
  34  72  337  401  431  447  487
  17
  75  83  94  121  124  132  142  212  243  288  300  375  383  409  424  450  454
  15
  57  74  96  101  115  125  151  176  210  232  247  311  362  388  433
  8
  14  50  79  146  188  293  358  469
  2
  116  335
  6
  25  104  152  350  357  360
  20
  57  100  133  151  157  172  199  227  228  254  258  327  335  344  360  368  410  425  433  468
  19
  20  52  113  132  138  140  187  228  247  274  304  324  332  351  362  400  426  443  456
  7
  15  97  223  243  283  328  479
  5
  145  161  236  262  360
  6
  58  269  279  291  394  420
  15
  31  76  82  90  95  166  208  219  250  356  365  373  401  425  480
  19
  3  7  25  26  28  45  52  140  162  247  304  316  340  341  342  409  431  467  489
  8
  151  169  254  293  348  424  446  497
  8
  46  47  126  171  188  205  361  417
  17
  4  25  36  61  105  113  129  137  243  296  297  331  367  433  455  472  478
  7
  79  146  368  369  480  485  497
  16
  24  58  62  161  177  178  213  255  275  295  297  306  380  382  465  494
  19
  5  34  60  67  76  112  116  180  203  205  266  327  333  339  350  399  404  470  491
  3
  15  46  86
  18
  1  5  33  108  123  141  149  199  272  283  337  341  345  363  366  380  414  453
  12
  23  67  69  70  105  136  206  345  415  463  479  489
  20
  9  10  22  39  90  128  196  197  201  253  258  302  311  349  361  436  438  447  456  486
  9
  44  130  148  182  195  220  322  399  481
  2
  75  435
  15
  1  28  189  205  222  294  319  320  345  348  357  382  389  462  485
  17
  32  61  71  137  143  201  202  224  261  263  285  296  317  340  376  407  474
  20
  24  41  170  174  275  284  298  309  316  325  333  404  405  417  418  431  443  458  482  491
  15
  92  121  137  140  178  187  204  206  234  273  278  285  365  399  434
  2
  6  62
  20
  32  42  96  118  136  137  184  195  203  214  255  282  293  314  322  351  385  428  438  453
  10
  6  7  15  137  182  234  260  441  469  480
  8
  79  86  101  130  157  164  278  330
  9
  2  148  158  247  270  326  334  336  342
  14
  11  36  52  137  195  202  217  221  229  374  381  394  417  446
  8
  5  51  54  122  134  160  202  388
  16
  4  15  99  100  149  206  237  272  321  322  328  340  399  412  444  466
  14
  48  54  89  104  119  126  146  175  298  349  387  388  470  473
  3
  348  351  373
  2
  377  442
  18
  18  65  92  113  141  178  230  294  297  299  380  390  403  406  434  435  444  463
  10
  34  147  162  268  310  353  384  442  456  470
  19
  10  23  27  55  101  126  138  140  205  247  265  271  282  310  369  427  432  440  469
  6
  232  276  325  471  485  495
  11
  126  152  157  202  248  263  283  303  435  447  484
  13
  5  29  47  68  154  196  256  278  281  293  362  482  483
  2
  181  421
  8
  1  13  53  153  255  287  316  456
  20
  12  40  87  99  136  152  154  161  167  222  264  280  329  334  358  391  428  446  492  495
  20
  73  97  152  159  161  224  244  273  276  285  287  316  332  339  360  404  448  477  483  496
  3
  64  272  346
  5
  102  302  308  399  420
  2
  308  356
  20
  22  45  74  78  92  102  141  142  245  247  268  294  299  303  313  331  362  399  451  453
  4
  186  287  367  400
  15
  3  11  98  105  106  260  311  315  318  323  328  366  376  468  471
  12
  44  148  166  191  235  274  314  339  379  403  443  495
  16
  87  97  134  156  250  252  282  300  349  352  354  367  368  467  485  493
  17
  2  79  108  138  153  176  291  307  310  319  361  407  417  421  428  456  495
  18
  31  40  47  89  90  120  188  206  214  243  325  329  343  358  361  397  402  432
  18
  4  7  17  35  44  66  200  216  251  296  303  304  322  324  332  347  452  480
  11
  40  51  66  78  162  193  201  255  347  404  482
  15
  11  43  125  127  136  190  219  254  346  404  407  447  458  487  493
  14
  32  44  103  147  174  212  213  217  232  321  359  435  452  477
  8
  108  118  179  217  240  299  402  431
  3
  27  90  106
  17
  13  37  91  147  164  169  174  250  269  285  333  340  354  380  397  459  490
  20
  45  50  51  58  71  109  176  241  262  264  266  267  276  291  327  339  371  385  396  432
  16
  48  61  105  116  130  173  191  239  256  297  354  365  378  424  459  471
  8
  7  11  22  31  137  214  269  396
  11
  54  113  128  166  241  249  313  325  348  387  414
  5
  125  175  307  432  494
  16
  14  30  54  57  66  117  131  137  165  198  200  301  384  389  425  447
  8
  37  40  52  171  198  242  429  441
  7
  203  205  273  409  415  440  497
  12
  12  45  52  154  159  196  226  278  284  301  375  408
  5
  243  316  351  374  421
  11
  42  70  154  184  198  206  254  359  363  432  447
  18
  26  81  112  124  137  204  235  277  316  334  344  373  384  406  408  418  420  423
  4
  264  342  343  477
  4
  12  71  109  166
  18
  2  36  45  90  150  199  244  246  277  308  350  359  388  389  403  412  466  489
  7
  243  266  312  337  344  369  472
  11
  38  122  149  225  316  332  368  436  440  449  474
  20
  44  46  77  108  155  170  183  198  211  243  264  285  288  289  295  315  356  423  442  449
  7
  32  39  47  131  157  199  314
  14
  44  107  170  217  223  247  267  295  307  330  343  392  423  434
  16
  8  25  42  46  127  138  196  219  221  258  287  307  323  353  430  500
  14
  56  83  98  120  163  228  291  298  307  316  463  478  479  492
  20
  15  24  26  34  48  72  76  138  179  201  218  257  279  304  306  342  347  425  447  485
  11
  10  80  105  245  308  420  424  442  456  459  497
  5
  88  112  185  194  470
  7
  60  155  296  297  318  410  428
  13
  76  78  126  172  188  246  259  265  333  359  375  385  423
  15
  8  27  51  79  87  96  121  140  160  170  223  291  298  308  385
  10
  34  35  123  255  298  299  363  381  408  461
  13
  12  33  87  142  182  246  267  301  341  392  407  446  496
  19
  18  40  59  68  108  142  182  185  223  287  361  391  404  408  426  427  447  472  498
  3
  155  267  359
  15
  18  80  166  174  195  232  304  325  346  357  363  384  402  413  446
  7
  2  53  81  399  447  487  493
  4
  40  201  268  332
  2
  278  423
  18
  31  45  71  97  103  116  122  189  203  216  218  256  259  261  264  374  450  473
  6
  2  88  241  254  328  340
  16
  48  51  61  79  178  191  203  220  233  253  280  385  401  461  488  494
  4
  99  220  374  464
  17
  23  32  94  111  120  124  132  147  148  155  223  230  287  331  359  366  451
  3
  344  385  476
  3
  199  210  457
  15
  11  26  63  127  132  150  216  243  286  372  385  386  390  471  496
  11
  71  73  156  175  206  209  228  250  357  451  460
  9
  127  145  156  171  220  295  373  466  478
  20
  4  23  24  41  45  52  86  91  118  134  147  152  168  180  222  244  279  283  373  374
  9
  31  62  158  207  303  309  310  421  447
  16
  8  52  60  65  126  150  159  175  201  216  268  311  313  393  426  459
  18
  95  109  116  143  187  252  273  281  285  300  319  333  345  359  373  401  443  480
  8
  96  178  237  252  276  304  320  413
  11
  17  23  101  192  205  241  268  306  307  407  488
  17
  10  17  55  62  87  110  120  147  202  208  211  371  372  390  395  399  403
  4
  51  111  169  466
  12
  34  71  90  177  216  227  284  295  371  378  419  491
  2
  68  111
  5
  43  87  270  472  489
  12
  6  31  65  111  125  145  179  224  269  301  314  407
  20
  16  65  71  88  116  119  129  159  208  209  231  237  255  274  290  305  381  398  401  418
  15
  13  23  31  135  152  201  234  267  300  313  367  391  459  476  494
  19
  8  13  24  45  87  130  137  221  245  252  295  342  353  366  376  390  468  481  498
  11
  36  46  91  143  156  226  236  271  424  453  496
  19
  8  75  113  137  155  235  257  300  329  334  364  402  426  431  437  448  468  471  500
  14
  47  92  93  134  149  219  279  329  332  363  390  405  407  464
  5
  9  69  130  218  343
  15
  28  51  61  70  102  117  173  202  296  381  396  403  426  436  457
  8
  20  32  134  220  257  276  308  350
  5
  121  269  352  427  483
  18
  68  176  183  210  216  245  255  276  283  294  317  331  388  398  411  421  436  489
  5
  127  163  294  335  469
  10
  39  60  78  165  194  286  312  349  396  488
  2
  265  383
  17
  56  87  96  99  111  149  170  171  176  177  188  267  338  431  436  462  484
  6
  1  13  104  235  267  365
  10
  54  72  79  102  116  138  195  356  363  416
  16
  2  25  77  80  106  124  140  199  217  231  234  374  418  423  457  489
  3
  26  209  247
  6
  66  267  273  283  322  478
  20
  1  46  52  70  117  126  156  180  191  198  229  244  279  282  330  333  334  356  414  429
  9
  1  4  21  148  220  268  378  379  494
  4
  31  167  205  357
  10
  8  19  21  99  125  152  173  270  469  476
  6
  133  172  247  294  328  496
  12
  13  45  47  84  86  279  401  434  455  462  464  492
  4
  25  161  383  444
  3
  25  281  384
  6
  92  151  206  256  257  350
  13
  47  51  58  104  115  118  157  212  223  238  273  323  488
  14
  34  50  114  171  237  331  334  336  341  381  442  447  453  499
  4
  152  381  424  493
  18
  12  26  55  81  156  198  230  258  284  290  296  300  352  372  424  452  455  490
  2
  287  343
  18
  66  95  104  139  144  149  189  214  245  247  308  321  361  371  372  441  455  493
  7
  207  239  260  314  388  394  497
  7
  21  26  77  221  331  346  450
  10
  93  101  178  234  240  254  257  292  323  408
  2
  158  292
  20
  118  149  152  181  209  226  255  259  273  315  346  351  367  373  390  410  414  445  459  478
  9
  65  158  196  252  293  353  364  425  447
  8
  17  29  38  58  205  346  389  468
  5
  167  174  253  340  443
  16
  57  91  94  138  157  183  234  324  343  358  399  435  441  444  475  497
  8
  1  13  60  158  204  306  383  465
  6
  113  139  269  323  421  477
  16
  23  100  111  132  143  160  192  214  221  244  255  260  297  350  480  493
  2
  422  482
  15
  19  29  71  170  206  213  245  268  287  432  467  474  475  489  496
  18
  9  96  98  99  107  126  196  228  319  320  336  383  390  439  446  467  471  475
  19
  23  32  58  83  127  192  224  252  255  282  312  342  353  363  364  370  385  478  495
  15
  66  87  118  123  188  191  214  220  249  268  295  347  380  407  437
  4
  27  213  348  450
  4
  172  329  401  464
  10
  50  203  211  283  307  313  323  324  470  475
  19
  6  25  35  48  87  187  197  217  240  292  359  382  430  442  445  451  466  468  498
  16
  50  70  92  154  191  197  236  238  310  360  368  388  447  478  492  500
  8
  17  53  60  128  174  414  429  435
  9
  19  103  168  272  309  313  317  321  446
  18
  20  49  83  100  146  178  193  237  250  259  328  370  385  395  416  447  471  481
  15
  36  120  135  160  184  209  232  238  272  294  360  402  469  483  491
  8
  61  103  158  244  288  333  342  413
  3
  76  351  375
  7
  190  220  222  237  296  328  388
  6
  44  76  104  117  124  400
  12
  84  89  92  117  204  231  345  354  412  427  469  470
  10
  167  183  188  239  258  261  282  334  433  467
  17
  29  47  95  102  110  165  178  195  209  263  272  460  461  484  486  494  496
  4
  49  266  408  439
  8
  26  99  167  195  279  286  306  330
  5
  70  114  215  357  375
  20
  17  35  96  128  186  238  258  292  307  308  312  320  325  334  391  403  452  487  494  500
  7
  173  226  272  318  322  375  393
  18
  35  59  125  137  138  172  228  295  299  302  307  366  382  410  425  433  456  458
  15
  20  28  70  118  153  165  293  307  322  354  433  436  450  466  478
  12
  10  16  18  24  78  139  210  234  288  313  427  481
  19
  3  18  82  89  98  120  159  179  212  227  276  289  322  330  371  393  405  463  496
  11
  45  87  148  169  259  292  381  389  440  452  500
  14
  6  73  78  130  148  179  220  225  239  351  381  395  423  492
  5
  46  54  201  328  483
  20
  5  11  87  94  114  148  169  188  223  264  286  330  346  355  380  384  426  442  450  483
  9
  4  10  103  140  158  278  341  385  484
  14
  32  78  82  85  106  141  203  251  306  336  393  454  472  477
  6
  6  33  71  113  338  359
  3
  324  335  347
  11
  21  118  248  277  338  367  375  416  434  447  462
  12
  15  95  133  175  178  189  216  228  290  344  380  472
  10
  26  34  65  77  91  134  276  322  406  428
  12
  51  144  192  329  363  379  397  419  424  425  459  465
  17
  8  16  61  88  100  101  115  174  191  199  213  255  275  307  395  424  455
  17
  20  122  146  159  181  187  231  243  271  331  337  395  403  410  411  477  483
  9
  84  190  204  207  313  317  348  352  492
  9
  42  82  96  207  291  324  342  373  496
  16
  2  96  155  195  225  255  296  301  346  366  370  408  430  435  439  473
  18
  26  35  43  54  66  101  102  130  165  207  232  276  277  302  321  404  417  423
  6
  56  94  184  253  300  358
  19
  40  61  70  86  112  135  153  174  191  287  347  360  362  402  404  416  450  462  493
  3
  14  266  337
  8
  66  146  238  283  308  321  444  480
  5
  313  379  393  412  495
  6
  27  98  133  308  366  465
  18
  16  35  106  125  190  201  213  218  224  231  234  272  331  333  366  403  474  484
  2
  32  295
  19
  10  18  31  46  85  116  138  179  208  247  250  276  326  343  387  406  412  441  451
  19
  1  36  47  116  129  199  205  214  247  250  272  274  338  343  349  363  398  410  475
  16
  46  52  75  127  167  195  253  274  350  381  387  437  440  453  476  485
  20
  9  50  51  68  116  186  195  220  252  263  273  304  318  321  337  338  356  454  459  500
  3
  36  208  293
  13
  20  30  49  79  88  92  116  287  320  356  402  440  491
  8
  39  118  194  282  292  313  355  420
  20
  8  82  87  113  178  199  225  226  228  238  255  295  311  321  322  346  377  379  410  450
  18
  7  15  131  150  156  158  186  198  246  252  287  289  294  383  392  412  417  462
  8
  23  33  46  119  149  220  237  293
  15
  46  63  113  117  138  151  168  185  199  272  341  398  409  476  489
  3
  278  416  468
  7
  115  178  243  258  271  418  473
  16
  19  69  80  110  180  230  246  258  317  338  358  360  362  402  419  500
  4
  349  363  468  488
  8
  90  99  109  254  354  391  438  451
  2
  295  379
  10
  90  110  155  227  400  432  446  449  458  471
  13
  4  43  46  97  137  226  275  286  378  409  414  468  488
  8
  22  84  102  106  125  149  317  439
  20
  22  33  40  48  73  79  92  142  177  223  224  236  323  345  369  372  401  426  430  441
  2
  341  410
  20
  30  37  53  157  197  233  267  283  293  335  369  380  393  400  425  427  445  460  474  484
  2
  44  399
  4
  103  238  285  463
  14
  52  56  64  139  144  154  233  236  392  393  415  432  446  481
  16
  16  89  117  159  163  177  210  263  283  286  301  408  409  441  462  482
  5
  3  141  330  334  418
  6
  36  70  286  372  442  470
  11
  67  93  98  124  193  243  259  311  315  327  398
  10
  52  57  111  153  196  348  444  452  488  496
  4
  84  187  326  408
  16
  20  38  57  119  175  199  207  255  279  292  348  391  421  424  431  440
  9
  4  51  68  84  135  315  400  482  483
  13
  13  18  123  160  181  196  205  316  333  334  337  342  430
  7
  34  142  249  287  360  369  397
  8
  25  120  143  214  287  411  429  442
  20
  7  8  86  94  114  116  150  157  234  265  305  325  332  366  391  408  423  460  477  496
  5
  67  328  381  437  478
  19
  51  63  65  81  98  126  141  145  150  204  237  270  344  350  404  412  455  478  496
  13
  34  37  106  143  213  234  245  329  331  344  359  472  481
  5
  22  37  129  205  492
  10
  23  26  115  117  122  131  174  220  408  440
  3
  318  470  494
  2
  134  246
  16
  61  94  101  106  113  175  243  305  306  312  313  390  391  413  425  448
  15
  12  16  56  109  124  159  208  281  386  405  418  460  463  469  489
  6
  62  109  151  287  351  488
  7
  9  62  90  145  248  257  379
  18
  7  49  55  77  110  111  183  202  218  254  277  295  303  350  375  382  417  457
  4
  25  54  182  335
  14
  25  77  94  165  232  243  248  249  264  265  347  407  429  476
  19
  38  53  55  91  95  101  166  190  216  301  341  349  356  389  419  461  463  486  495
  16
  15  90  97  128  154  244  265  285  286  309  312  328  360  415  420  435
  17
  105  113  141  150  170  185  215  220  259  282  326  327  336  375  384  390  415
  7
  19  25  161  184  295  380  491
  8
  131  263  275  306  360  384  430  497
  11
  5  19  95  96  130  150  294  402  427  430  440
  10
  1  94  147  156  180  283  390  431  450  462
  10
  48  58  122  184  246  265  279  304  388  405
  14
  6  39  145  156  202  228  341  370  409  423  440  457  472  492
  9
  14  49  63  110  236  260  337  391  406
  18
  108  117  155  178  244  245  262  270  282  315  327  366  385  391  411  453  490  491
  11
  4  22  137  174  249  258  273  355  438  451  500
  6
  33  301  414  438  484  486
  3
  261  264  283
  11
  6  132  218  220  227  231  299  327  379  438  443
  18
  4  39  53  62  91  172  201  237  269  323  331  342  378  390  396  421  423  499
  4
  64  272  389  396
  15
  32  43  56  150  172  213  215  219  273  284  287  325  363  398  432
  6
  3  101  232  346  385  462
  5
  81  272  281  310  317
  9
  8  19  88  96  149  196  202  237  361
  8
  76  97  260  303  309  322  386  458
  15
  15  25  77  143  219  228  256  280  303  315  334  350  358  390  474
  11
  13  19  22  44  226  274  290  336  353  365  427
  12
  66  71  143  192  208  241  282  302  340  366  381  414
  2
  87  210
  11
  19  118  147  157  203  298  428  435  438  453  486
  20
  1  6  60  77  115  121  142  157  164  228  261  347  353  379  380  413  434  473  482  497
  17
  12  22  39  54  60  65  156  190  237  263  308  321  348  366  377  468  473
  2
  227  298
  7
  96  231  390  410  427  472  473
  15
  22  68  126  129  140  144  183  202  224  265  298  331  372  421  487
  11
  79  132  251  277  407  442  446  457  474  483  498
  4
  123  219  250  323
  13
  1  5  12  22  31  57  94  175  233  328  409  425  480
  9
  146  276  293  297  420  469  472  485  499
  18
  29  35  51  63  125  147  148  155  190  216  285  290  305  326  362  372  398  400
  16
  41  97  122  125  183  185  210  218  280  296  325  328  349  360  373  389
  5
  28  55  126  162  313
  17
  15  28  70  75  102  196  218  231  262  296  353  386  419  446  448  450  500
  16
  59  73  82  94  112  150  167  191  261  274  297  354  386  397  404  476
  14
  82  93  168  193  221  231  292  356  364  373  377  383  413  448
  4
  110  113  234  391
  3
  60  167  390
  2
  14  333
  5
  229  238  269  295  439
  14
  12  27  50  129  176  234  287  293  307  369  384  388  410  498
  19
  99  102  130  141  194  234  248  283  307  338  364  387  402  458  461  469  478  479  486
  8
  33  119  147  247  284  305  348  378
  20
  13  21  28  48  51  110  131  211  219  326  327  341  343  347  379  381  419  449  488  498
  19
  5  41  127  133  146  154  169  230  240  270  277  285  331  360  432  453  458  463  464
  4
  71  120  221  449
  9
  34  72  143  182  183  202  245  406  409
  14
  9  194  198  221  228  240  277  309  332  336  351  416  451  470
  16
  47  75  138  175  219  246  249  347  350  377  382  396  402  469  476  484
  3
  126  160  183
  10
  19  22  35  42  68  152  276  315  341  494
  3
  79  410  424
  6
  57  92  138  236  348  459
  19
  56  79  120  146  211  214  215  277  318  323  369  421  432  445  457  458  465  467  493
  3
  414  421  443
  10
  65  77  190  203  214  248  445  456  464  465
  15
  42  61  85  92  117  124  129  149  208  248  286  346  445  470  480
  16
  69  78  82  84  114  119  172  224  227  230  283  298  323  334  353  412
  20
  15  33  66  87  149  158  159  162  172  196  267  320  322  334  355  358  408  413  425  433
  8
  48  137  147  221  382  399  408  433
  18
  7  46  52  76  111  120  166  179  191  232  242  245  327  353  384  410  430  475
  14
  22  35  61  101  240  286  296  319  320  338  358  364  453  493
  7
  35  144  154  216  234  328  406
  20
  4  23  55  78  86  128  171  177  182  297  322  396  434  442  448  450  458  462  483  500
  17
  16  19  66  88  108  180  193  202  250  256  258  333  348  372  392  433  470
  9
  24  47  115  229  276  289  315  363  477
  17
  52  91  135  153  184  196  252  269  326  346  363  436  446  455  456  461  476
  16
  52  113  134  144  155  186  213  288  290  299  304  312  316  359  463  477
  19
  14  65  93  105  115  126  141  188  303  318  345  383  400  411  433  441  448  457  495
  13
  16  51  112  138  180  190  260  275  329  398  437  448  492
  16
  31  37  128  148  157  164  166  168  192  293  316  350  437  477  486  494
  7
  11  92  262  277  288  303  364
  18
  56  73  91  132  140  162  186  198  284  289  370  375  381  386  396  401  464  469
  3
  123  159  466
  16
  28  60  196  241  255  282  314  323  353  354  386  389  394  465  470  476
  6
  9  61  280  288  294  393
  12
  9  26  98  105  269  297  332  355  363  381  433  480
  7
  15  23  38  154  207  297  334
  19
  83  92  94  112  125  143  195  199  228  262  272  292  309  363  381  387  413  422  490
  7
  5  27  60  217  251  332  387
  6
  314  330  361  402  418  475
  7
  51  115  119  130  148  207  347
  7
  108  188  303  315  337  375  390
  10
  7  48  50  51  220  252  261  395  423  475
  20
  7  115  122  128  130  154  158  178  238  281  286  319  321  328  341  350  452  456  480  486
  8
  37  180  212  239  288  320  380  414
  5
  11  34  78  179  320
  11
  12  63  161  193  232  281  289  385  424  436  477
  18
  23  66  80  114  121  135  157  160  166  192  263  323  351  365  368  381  402  479
  13
  24  28  89  118  204  225  309  345  352  364  404  427  459
  6
  35  91  124  274  307  488
  20
  67  72  73  96  116  119  188  232  236  242  248  277  298  323  330  382  396  433  435  465
  17
  3  29  54  84  101  104  106  111  159  230  253  262  319  414  445  448  496
  10
  10  104  150  305  312  316  351  459  485  487
  20
  47  122  129  138  145  180  188  207  219  233  236  248  254  301  313  328  376  383  387  453
  4
  113  126  192  437
  3
  128  135  183
  2
  213  474
  15
  14  109  143  219  225  277  312  346  409  445  451  455  471  473  479
  18
  6  17  42  46  80  89  115  143  179  226  258  267  270  305  401  423  434  474
  20
  7  11  84  109  158  159  218  223  251  252  254  325  334  335  341  366  445  456  467  495
  16
  55  56  72  95  139  140  161  180  230  287  293  321  346  463  468  494
  17
  20  41  55  80  123  130  170  203  221  225  238  244  277  286  424  492  499
  10
  19  35  41  89  165  380  382  415  444  482
  8
  87  179  194  229  290  399  413  479
  18
  3  57  64  84  118  131  150  180  215  293  317  328  345  358  396  409  428  457
  4
  63  75  176  392
  2
  110  316
  6
  77  97  116  338  380  466
  14
  1  4  23  45  52  95  119  160  221  263  307  401  474  489
  7
  119  157  237  288  300  403  435
  10
  24  103  139  158  175  248  316  333  345  440
  9
  9  79  179  266  396  429  456  462  464
  7
  19  27  118  188  212  246  365
  12
  41  55  129  178  179  186  284  287  300  360  372  464
  7
  171  191  192  277  309  362  495
  7
  52  228  306  338  380  459  467
  14
  42  83  94  95  115  118  153  163  205  217  280  305  378  452
  17
  27  58  86  93  100  114  171  202  263  276  319  385  386  420  425  486  492
  11
  23  44  55  191  222  223  339  426  457  469  499
  17
  149  153  156  234  237  293  334  342  355  370  375  389  400  442  445  467  493
  4
  204  279  315  432
  15
  40  96  235  237  238  267  272  314  350  414  422  449  450  471  484
  7
  78  193  233  424  461  465  471
  2
  28  424
  16
  8  10  60  90  97  122  144  151  156  184  189  270  306  312  418  499
  9
  25  36  85  153  159  240  292  372  374
  6
  81  88  141  232  298  467
  19
  32  38  124  154  176  178  223  260  269  280  285  290  294  310  359  363  377  421  491
  17
  36  123  161  163  229  238  239  251  264  299  304  309  321  393  403  417  476
  19
  25  39  81  85  101  125  176  196  199  203  287  297  300  308  328  401  453  465  500
  13
  19  54  58  60  90  213  222  240  286  328  372  455  461
  4
  24  42  197  271
  13
  44  136  199  232  280  284  316  341  361  429  434  449  477
  5
  53  76  201  227  445
  5
  20  55  121  207  234
  5
  74  125  284  360  478
  15
  1  5  50  70  106  141  209  256  258  297  308  429  439  457  490
  15
  4  7  22  41  62  96  175  295  334  418  422  435  451  459  467
  10
  130  244  278  281  289  290  350  367  431  483
  14
  4  30  36  63  64  124  153  204  224  299  334  375  425  500
  10
  40  178  187  285  286  304  404  468  493  495
  10
  30  71  89  153  178  196  246  421  432  481
  2
  127  480
  14
  28  46  68  104  329  352  385  399  402  405  412  453  480  492
  7
  191  221  285  321  368  387  454
  16
  113  153  232  234  255  302  306  328  336  353  392  410  419  450  457  465
  17
  28  38  61  86  185  221  250  262  288  301  311  349  379  387  422  452  483
  4
  161  313  362  469
  20
  60  100  110  123  159  195  202  240  246  275  280  303  309  324  361  375  376  406  452  466
  13
  9  59  81  94  102  162  231  296  316  384  413  439  457
  17
  18  19  21  25  55  57  107  180  228  350  357  364  380  384  460  473  481
  9
  96  118  146  276  345  364  384  434  465
  5
  41  99  182  293  299
  6
  117  119  129  215  261  394
  18
  20  73  88  90  168  198  219  228  308  330  410  417  422  430  448  458  469  470
  3
  246  317  362
  5
  22  57  261  352  420
  18
  17  27  29  32  49  65  80  136  141  223  279  326  346  352  369  373  442  487
  19
  28  56  65  116  170  222  240  270  286  306  331  335  362  404  410  417  429  480  490
  16
  105  148  158  283  289  294  297  298  307  364  378  391  421  446  457  493
  10
  18  49  61  62  118  232  303  313  378  485
  4
  112  151  268  473
  7
  18  101  183  287  305  335  489
  13
  20  41  42  59  67  72  133  270  318  319  366  432  486
  6
  33  70  344  346  408  478
  7
  156  376  425  426  452  462  494
  5
  207  257  401  408  436
  9
  41  52  100  115  235  342  374  413  499
  13
  19  158  166  167  208  234  249  292  350  391  428  451  476
  14
  103  186  210  218  255  325  343  369  372  385  386  452  459  470
  11
  16  41  62  132  183  248  273  295  349  418  462
  5
  23  59  79  297  473
  17
  9  33  54  110  128  154  156  185  286  298  321  367  390  391  414  438  475
  19
  73  93  119  126  150  153  163  215  248  254  281  294  298  304  320  376  402  488  499
  17
  1  50  75  79  93  104  112  210  242  259  272  312  369  382  383  390  417
  5
  78  166  175  252  356
  6
  76  144  213  244  307  348
  13
  59  84  123  173  213  273  281  334  356  436  443  444  446
  9
  45  189  197  294  341  355  394  466  480
  16
  53  63  66  84  89  134  231  263  284  361  415  416  436  446  476  500
  10
  114  158  211  238  282  292  364  465  489  500
  15
  6  31  34  40  44  86  130  221  242  271  316  353  372  458  480
  12
  89  104  191  204  205  230  284  294  355  358  367  396
  13
  3  23  100  192  195  205  256  259  289  306  333  400  449
  7
  14  111  222  243  250  356  461
  4
  193  243  322  403
  11
  7  130  175  187  202  209  261  267  301  303  330
  15
  18  22  38  42  45  46  147  218  223  235  258  336  385  409  429
  14
  5  6  27  82  89  107  185  271  283  347  366  372  436  463
  17
  26  31  50  64  186  234  256  260  262  324  365  370  385  415  423  429  477
  9
  3  14  22  125  144  162  350  382  435
  19
  19  25  38  57  59  61  130  172  212  240  271  293  341  383  394  450  456  469  486
  9
  58  99  170  306  339  348  355  356  459
  10
  54  118  123  168  278  297  425  429  430  469
  10
  7  39  59  106  209  321  384  410  431  497
  20
  5  40  45  133  194  213  229  281  340  344  355  397  403  427  443  448  452  470  474  488
  9
  119  135  179  233  301  309  423  430  465
  8
  193  214  260  295  403  427  433  464
  4
  114  148  160  398
  8
  91  101  177  322  376  409  438  466
  5
  154  245  410  445  490
  13
  3  11  130  154  160  174  198  204  234  257  337  391  498
  5
  25  133  204  459  485
  15
  8  60  71  123  169  242  270  273  291  316  328  364  391  408  484
  7
  4  103  316  322  347  384  423
  9
  70  201  208  290  323  375  468  476  495
  7
  10  232  246  288  298  384  476
  19
  39  80  100  109  117  129  131  141  148  223  224  289  306  319  352  369  414  435  447
  13
  14  36  154  210  231  299  303  348  349  400  451  481  483
  2
  149  179
  10
  186  273  309  312  323  325  331  398  425  470
  5
  67  143  222  319  329
  7
  235  280  317  345  373  457  467
  18
  25  38  64  136  146  217  258  263  288  290  311  317  319  328  348  396  446  490
  10
  36  57  67  89  165  225  335  349  368  385
  20
  72  77  91  139  145  171  172  193  200  236  270  274  284  309  326  407  410  412  473  495
  7
  25  113  154  163  199  217  398
  6
  26  68  215  288  433  483
  11
  26  50  232  279  356  384  400  421  467  469  483
  9
  28  96  118  249  294  394  452  481  491
  14
  4  40  107  113  128  137  140  151  241  249  277  367  377  389
  20
  2  48  111  143  194  276  294  298  310  321  333  345  350  365  423  425  441  443  492  494
  16
  28  70  112  130  177  189  196  234  291  295  312  337  415  443  492  498
  2
  73  491
  13
  14  34  39  149  163  164  181  345  372  377  424  427  476
  12
  23  64  111  148  220  254  260  268  292  310  350  368
  12
  2  8  33  207  256  296  298  311  322  344  369  478
  12
  58  70  85  106  114  142  183  203  310  331  425  469
  8
  16  51  59  337  347  387  459  491
  5
  12  182  210  247  262
  7
  7  42  43  122  144  230  301
  7
  65  117  142  272  369  394  397
  4
  42  60  121  377
  9
  52  86  87  171  190  191  208  333  483
  4
  48  180  271  336
  3
  19  168  430
  6
  69  160  395  412  452  493
  12
  9  41  42  111  163  177  219  241  270  353  425  466
  7
  88  193  244  306  409  414  442
  17
  27  33  38  71  96  120  164  171  187  217  255  284  324  328  344  449  473
  3
  380  440  454
  12
  8  15  106  168  215  232  243  350  357  358  383  400
  19
  10  67  71  100  106  115  141  223  244  257  266  310  330  360  367  392  442  443  446
  3
  11  210  286
  12
  1  6  152  170  181  311  326  401  430  443  444  446
  18
  101  128  136  167  205  235  276  285  290  292  300  330  333  338  385  455  456  460
  19
  64  77  85  106  107  143  154  174  199  208  210  225  241  328  336  383  431  496  498
  18
  8  133  138  215  241  277  296  303  315  330  338  364  386  416  421  433  479  498
  6
  85  145  242  341  480  489
  11
  46  58  76  160  254  259  260  308  385  440  499
  20
  27  36  54  72  103  142  150  153  196  199  219  259  261  266  268  279  335  387  443  455
  18
  24  48  137  170  193  197  224  235  241  243  276  371  383  396  401  410  477  484
  10
  118  122  198  201  221  267  271  388  393  406
  20
  69  70  81  85  86  87  89  151  163  179  197  240  251  275  333  356  366  434  438  467
  13
  27  54  109  121  169  182  204  249  268  326  418  452  487
  6
  202  206  249  300  472  477
  17
  19  22  36  85  133  198  272  279  291  331  348  349  371  376  433  458  485
  12
  22  54  63  139  172  195  232  337  385  400  417  447
  12
  17  73  86  134  163  173  214  228  339  412  439  473
  11
  41  65  88  99  127  196  218  284  312  350  379
  7
  76  84  148  180  309  369  414
  7
  25  94  197  295  303  359  418
  14
  34  160  200  221  244  319  323  345  383  384  391  448  451  468
  13
  41  76  126  222  224  229  260  275  296  305  341  372  452
  18
  9  17  24  132  156  191  222  228  262  269  271  277  278  315  366  385  404  412
  8
  70  80  88  152  154  246  361  449
  2
  253  254
  11
  34  82  94  129  189  196  216  242  306  456  463
  11
  29  104  121  271  315  351  368  377  462  491  497
  17
  3  41  53  75  77  151  178  193  218  230  272  363  391  396  397  418  491
  13
  46  139  151  158  200  206  250  328  363  434  436  451  461
  14
  5  65  113  184  199  222  256  324  331  361  363  452  474  479
  7
  34  319  335  371  378  382  435
  8
  129  170  180  285  293  420  463  483
  18
  14  30  54  62  118  163  230  241  243  247  262  264  306  313  415  418  426  442
  3
  54  159  449
  2
  187  429
  7
  26  199  240  259  292  297  398
  8
  83  95  169  282  373  395  397  456
  4
  18  24  159  369
  19
  74  86  158  167  182  186  193  226  242  262  292  294  345  370  420  433  449  457  472
  18
  24  26  48  73  107  108  171  274  298  307  327  331  357  366  395  433  477  492
  6
  44  76  90  211  424  454
  11
  85  137  195  217  277  286  292  320  332  343  427
  11
  13  18  129  150  202  209  233  342  344  378  497
  12
  28  48  49  103  126  168  225  228  242  280  324  345
  17
  3  35  59  61  65  138  155  174  183  261  296  321  360  376  415  487  493
  7
  35  101  171  224  277  319  449
  11
  29  39  94  112  131  148  279  293  299  315  327
  8
  61  246  270  277  319  388  425  475
  11
  36  76  94  160  189  240  272  280  338  354  360
  11
  4  100  231  253  325  334  352  379  434  443  483
  10
  49  108  122  169  219  303  306  314  398  491
  8
  25  133  150  175  320  346  398  463
  9
  18  25  157  234  325  364  372  415  470
  14
  19  20  108  113  139  157  180  248  393  404  410  417  446  453
  6
  6  52  138  164  266  415
  15
  6  38  59  65  82  88  136  282  300  325  381  408  411  420  463
  14
  28  41  118  130  178  201  224  252  308  403  442  460  493  495
  8
  25  115  214  282  381  387  440  444
  5
  173  182  445  453  482
  11
  19  112  113  204  211  227  232  276  450  454  486
  4
  133  277  294  319
  2
  104  376
  11
  22  127  132  213  231  311  350  372  377  413  452
  15
  63  107  111  127  140  153  159  277  321  326  337  347  366  406  414
  2
  57  186
  4
  22  100  230  414
  18
  1  16  50  63  106  114  118  142  163  277  283  307  330  379  395  418  469  498
  5
  38  138  234  264  451
  15
  19  46  103  117  154  180  263  266  268  269  270  343  437  487  499
  12
  94  108  109  236  243  245  289  292  295  329  363  464
  5
  20  232  332  432  474
  12
  32  44  82  92  115  126  237  274  292  299  404  429
  11
  80  158  339  340  353  354  363  371  372  416  434
  9
  4  122  127  224  296  301  422  468  484
  8
  87  95  110  118  153  325  470  493
  11
  48  188  292  294  376  406  418  425  435  487  491
  9
  20  21  136  140  195  349  377  441  472
  14
  16  55  97  133  148  151  157  277  280  301  316  354  458  491
  18
  21  75  84  97  117  119  165  201  207  222  242  250  258  321  376  386  460  484
  14
  97  115  131  160  173  266  291  354  359  405  410  423  439  446
  20
  23  28  58  103  107  113  139  146  195  200  204  233  290  359  378  391  397  399  421  460
  5
  35  223  346  404  405
  4
  129  277  288  396
  16
  104  157  164  218  277  288  294  318  352  360  400  407  412  440  452  485
  16
  3  20  68  75  146  176  182  261  294  296  300  307  312  362  375  403
  8
  36  133  170  242  279  317  464  485
  2
  271  320
  17
  19  37  55  69  108  109  116  208  290  294  334  336  350  381  402  418  457
  20
  39  102  124  140  175  188  193  231  242  255  347  362  366  374  375  381  384  399  417  451
  16
  53  94  117  128  143  211  218  219  230  246  288  370  376  386  397  488
  17
  31  50  98  145  185  210  212  254  272  281  337  372  382  401  451  480  493
  12
  10  53  63  98  143  166  177  291  385  420  424  436
  11
  49  86  123  187  221  269  334  349  379  431  450
  2
  22  274
  4
  74  355  395  456
  3
  23  85  467
  14
  46  74  102  112  169  191  228  261  289  310  330  334  397  482
  12
  28  55  69  212  287  366  393  436  457  466  468  490
  6
  62  121  287  361  402  448
  14
  46  136  155  170  234  290  301  302  305  356  372  396  484  499
  19
  8  40  46  61  65  68  143  234  248  281  288  294  397  406  455  456  458  460  497
  11
  75  243  255  274  281  301  361  381  474  478  494
  7
  5  7  163  181  241  260  447
  19
  21  35  36  92  135  143  159  195  214  292  340  398  423  429  456  464  466  493  497
  14
  11  51  68  137  216  232  265  276  321  323  405  411  426  473
  6
  2  211  276  317  382  476
  19
  50  188  202  214  221  224  269  298  369  376  379  392  431  441  455  461  467  476  483
  17
  5  48  59  67  71  103  106  139  162  274  289  306  318  406  410  433  495
  15
  4  19  45  104  133  200  210  212  219  306  311  362  413  478  491
  4
  117  320  344  406
  5
  126  154  339  465  470
  3
  166  265  449
  15
  5  99  129  161  200  239  257  274  286  308  312  348  369  373  444
  14
  4  14  24  44  117  195  201  240  284  308  309  396  478  488
  5
  93  179  347  355  410
  3
  51  227  448
  3
  55  140  180
  2
  151  156
  10
  136  231  245  251  301  308  370  380  429  459
  13
  81  115  130  141  160  241  282  356  373  413  429  472  483
  2
  485  492
  11
  13  110  191  207  223  260  269  332  379  446  489
  2
  446  448
  17
  43  84  105  138  155  178  180  200  213  265  270  380  392  424  450  465  468
  6
  200  245  272  359  369  489
  5
  12  106  287  295  456
  5
  149  218  320  440  471
  2
  170  201
  11
  16  49  104  213  220  246  252  279  361  410  460
  3
  219  233  401
  14
  19  42  58  77  94  207  261  350  386  395  442  474  486  494
  12
  13  53  59  68  107  227  284  310  353  397  474  497
  18
  19  24  70  71  83  117  158  197  211  229  236  241  277  352  392  419  425  432
  11
  9  31  120  134  209  219  225  290  360  392  417
  11
  66  92  147  202  210  211  273  292  331  362  500
  16
  26  43  61  100  112  150  164  178  180  183  212  221  279  384  393  498
  15
  24  109  110  154  234  244  273  338  386  393  403  404  407  427  480
  19
  1  123  131  148  152  171  172  190  216  228  248  258  274  294  302  354  360  394  463
  8
  10  51  59  86  115  273  354  375
  8
  99  127  172  290  297  389  409  457
  12
  56  58  70  126  127  137  166  198  200  265  415  481
  16
  49  71  125  140  152  181  191  226  247  306  324  334  341  357  392  410
  6
  80  128  155  338  357  492
  16
  7  92  93  114  137  151  180  200  221  246  252  286  350  400  405  458
  6
  62  72  79  271  360  450
  16
  36  57  129  152  174  178  211  215  233  279  311  313  354  369  406  492
  8
  14  17  102  135  137  252  282  292
  20
  39  61  68  101  106  118  161  182  183  187  266  269  279  283  304  318  335  388  404  469
  4
  104  405  451  478
  3
  272  338  496
  9
  49  105  172  209  231  264  279  282  402
  11
  37  49  74  126  150  190  250  350  402  447  475
  4
  77  151  194  469
  4
  63  107  389  498
  17
  42  104  133  175  192  212  223  231  232  273  331  336  344  403  409  419  468
  5
  136  155  372  466  494
  18
  51  101  137  173  203  206  218  219  253  255  276  339  340  342  366  417  423  466
  14
  2  89  117  142  148  200  280  297  324  331  397  402  478  480
  4
  154  180  253  367
  14
  82  185  190  203  213  249  340  347  357  363  428  482  491  496
  15
  55  56  65  87  153  218  219  220  221  294  297  311  314  325  500
  8
  172  218  291  340  416  460  470  499
  19
  26  30  39  43  77  140  162  177  264  288  295  336  360  377  410  454  470  473  496
  13
  11  53  62  94  232  243  279  298  344  364  423  439  461
  5
  6  151  186  261  297
  7
  36  118  137  280  398  449  486
  5
  197  242  298  417  421
  15
  23  84  122  224  229  285  310  312  339  391  393  418  446  472  497
  8
  20  67  211  252  309  356  360  433
  2
  398  479
  15
  34  35  45  96  107  170  179  232  239  255  343  371  429  444  498
  4
  87  98  270  481
  16
  9  70  116  160  199  220  242  275  291  308  372  388  407  409  418  427
  2
  242  442
  6
  73  178  265  281  313  321
  19
  7  22  40  71  104  163  171  220  257  304  306  350  359  381  414  458  470  491  493
  9
  11  51  128  133  205  230  282  307  419
  17
  3  24  25  34  145  200  204  205  225  240  335  366  391  396  398  432  483
  15
  38  114  123  124  158  163  167  172  204  234  276  344  380  468  490
  3
  8  142  474
  18
  26  46  67  81  83  90  181  194  236  243  245  261  306  322  405  442  460  469
  16
  39  54  94  136  161  198  219  227  234  269  286  290  299  343  358  384
  9
  92  240  262  333  338  365  367  369  373
  12
  185  187  206  245  262  311  312  314  359  403  433  481
  4
  62  64  282  453
  5
  180  204  221  343  361
  15
  15  28  45  54  93  191  227  248  316  335  371  430  435  437  474
  13
  179  232  234  235  238  255  297  305  343  350  449  461  492
  2
  335  430
  5
  156  290  299  361  369
  15
  41  111  123  169  205  212  240  277  293  321  330  401  421  466  474
  9
  70  195  204  212  251  385  396  457  485
  20
  11  27  41  81  87  119  123  139  215  252  289  306  327  335  350  459  471  488  492  499
  8
  75  115  132  317  354  384  403  466
  15
  3  82  158  187  199  280  312  328  336  337  365  393  423  433  442
  13
  31  89  96  189  328  333  360  427  428  437  464  476  488
  10
  15  60  124  268  363  404  427  444  454  481
  13
  27  39  78  126  147  151  182  218  222  283  468  476  479
  18
  17  56  134  150  195  239  259  288  290  308  321  323  349  357  376  389  390  492
  14
  81  102  165  171  173  264  307  344  383  401  408  435  460  486
  8
  8  133  147  193  212  285  329  443
  11
  53  73  228  242  252  279  280  390  406  427  446
  5
  161  213  316  403  414
  8
  75  128  258  259  281  318  374  499
  2
  220  420
  11
  29  63  95  100  219  268  297  359  388  392  423
  8
  150  182  264  293  349  388  483  498
  8
  83  85  220  227  302  326  450  478
  18
  15  20  89  108  127  130  145  162  164  171  182  203  239  309  388  402  436  451
  17
  15  48  92  99  121  189  204  213  264  307  308  332  335  346  349  388  397
  8
  51  110  186  293  304  312  397  484
  19
  51  58  69  73  92  133  150  175  184  204  229  255  279  334  343  404  419  427  494
  3
  89  270  310
  11
  21  26  43  92  95  217  291  298  348  362  438
  15
  8  16  168  176  197  217  308  358  369  374  408  413  461  473  497
  3
  183  223  384
  11
  41  165  252  277  295  329  400  422  438  447  452
  6
  81  224  274  358  387  482
  19
  8  25  33  57  68  111  141  158  210  217  222  267  277  352  377  400  402  460  496
  12
  29  47  93  122  256  265  276  297  341  348  421  435
  7
  77  316  361  387  407  416  435
  9
  21  45  110  188  271  278  409  427  485
  7
  2  103  259  300  334  434  475
  8
  44  104  120  122  235  397  400  438
  3
  21  204  231
  8
  26  93  117  133  206  260  280  404
  15
  17  92  103  173  182  278  310  334  377  430  437  462  475  483  497
  14
  18  44  68  94  119  160  180  185  238  277  311  429  460  488
  7
  167  183  268  276  379  483  488
  10
  122  123  148  167  197  218  351  397  411  440
  8
  22  30  69  84  283  307  379  435
  8
  63  89  107  148  231  252  312  484
  10
  9  15  76  111  212  213  285  324  349  446
  18
  18  26  36  42  75  112  120  138  206  228  245  331  338  371  399  432  476  491
  13
  35  54  61  86  96  126  152  217  307  335  339  438  490
  20
  4  7  55  149  152  167  183  204  220  281  297  318  328  340  429  435  456  472  484  487
  16
  17  58  70  142  187  188  216  225  290  341  344  368  421  440  466  492
  11
  15  56  71  146  221  310  347  352  371  453  476
  19
  16  62  69  119  120  133  152  198  229  242  243  262  303  304  379  428  437  465  493
  10
  31  54  155  215  260  413  442  460  466  475
  15
  6  44  82  87  111  148  201  246  258  305  339  345  346  356  377
  14
  8  61  228  231  246  247  284  397  398  412  425  440  453  470
  18
  8  12  64  90  199  219  264  290  298  315  325  326  327  363  401  423  460  487
  12
  1  93  158  170  183  217  274  351  378  389  429  442
  3
  102  337  433
  19
  22  40  51  61  102  115  125  150  157  176  265  316  363  382  388  389  419  420  487
  10
  7  73  173  196  227  238  264  323  336  431
  18
  34  64  99  111  138  184  215  224  238  303  308  323  336  354  460  481  486  491
  2
  67  418
  11
  20  30  99  180  388  406  411  432  437  440  480
  20
  30  36  87  112  127  133  166  180  196  212  242  243  259  274  275  349  369  378  436  455
  16
  36  55  128  143  167  181  201  242  287  296  326  361  367  418  428  476
  16
  9  75  95  108  185  209  236  265  271  296  339  346  399  402  478  496
  7
  111  138  216  217  249  419  470
  18
  11  19  20  120  139  172  190  201  202  209  219  278  316  318  346  358  393  419
  13
  14  141  144  160  172  183  188  264  284  340  364  413  446
  7
  99  233  279  290  333  363  434
  14
  123  178  205  269  316  323  325  416  424  443  450  458  466  472
  3
  133  244  336
  10
  22  105  136  196  225  242  288  358  364  460
  2
  1  213
  10
  18  39  80  99  133  147  206  409  461  485
  2
  366  453
  18
  30  52  73  97  127  186  199  216  263  313  333  340  355  410  430  480  495  498
  20
  1  29  119  168  176  188  238  268  273  300  321  349  409  417  420  431  452  455  460  491
  8
  10  82  243  275  423  445  491  496
  4
  89  166  432  455
  16
  5  23  37  135  144  174  206  222  225  241  243  257  264  338  448  469
  3
  4  30  203
  19
  3  4  16  66  98  115  155  157  275  285  297  324  338  345  350  351  367  476  498
  13
  76  119  146  184  188  195  264  320  338  353  425  444  489
  5
  93  170  295  371  378
  9
  3  10  34  48  83  364  446  479  497
  18
  24  33  38  62  104  117  120  134  192  211  236  246  252  256  305  362  425  427
  13
  48  74  125  133  141  225  268  323  367  406  460  494  496
  18
  33  73  111  126  179  186  189  217  221  232  241  253  288  311  345  356  459  492
  13
  70  101  157  160  226  265  271  325  327  370  390  437  492
  17
  22  24  40  46  60  82  92  131  147  150  160  171  191  289  333  369  435
  11
  82  116  122  159  204  219  277  283  303  478  486
  20
  51  83  197  224  225  240  246  253  294  299  316  391  403  407  419  431  440  466  482  492
  5
  45  209  323  370  382
  5
  155  205  234  287  470
  17
  23  114  128  158  228  236  238  249  260  271  279  296  321  371  409  462  492
  19
  45  98  107  148  168  169  184  230  234  266  324  329  363  368  378  387  438  439  485
  20
  18  41  92  95  128  178  185  197  204  289  316  330  363  390  406  407  418  460  474  488
  18
  59  138  200  208  218  237  254  266  297  303  332  368  393  403  442  446  474  482
  7
  38  92  152  211  268  349  373
  4
  55  448  469  492
  9
  14  45  70  104  177  243  266  332  343
  16
  14  153  167  198  226  245  262  266  296  329  336  383  407  422  444  499
  10
  10  45  88  169  205  236  265  399  437  455
  18
  7  24  32  95  105  150  151  291  321  332  340  350  406  412  435  437  444  488
  16
  25  65  134  153  204  225  255  323  334  347  355  369  410  474  485  495
  13
  13  75  96  132  201  316  351  352  361  390  424  438  443
  6
  39  111  261  416  462  472
  9
  122  141  212  240  260  365  420  439  448
  2
  60  229
  18
  46  79  143  152  231  244  256  265  272  287  314  334  397  424  466  480  497  498
  2
  65  245
  9
  34  73  118  140  141  226  265  324  460
  19
  38  49  54  60  65  81  88  154  163  178  219  279  296  338  345  358  367  477  500
  8
  32  37  54  192  288  309  466  494
  3
  206  361  410
  16
  48  89  113  189  282  299  309  334  362  369  384  419  429  460  463  465
  6
  99  195  273  295  436  482
  8
  7  31  51  77  131  148  229  367
  6
  29  34  234  274  330  450
  12
  4  102  207  236  310  318  362  378  453  461  490  493
  4
  171  441  444  466
  6
  77  153  178  246  280  384
  13
  21  31  80  168  185  186  200  295  307  358  361  392  472
  5
  76  127  239  265  326
  6
  84  113  160  178  349  497
  4
  69  299  474  481
  9
  18  98  172  183  226  298  323  385  445
  18
  18  109  117  131  142  163  178  185  196  272  274  276  300  313  332  356  404  489
  19
  2  56  86  107  127  180  197  225  236  254  285  307  322  370  393  410  419  454  494
  20
  20  28  70  91  106  110  136  153  173  194  237  282  380  394  457  461  462  470  471  483
  10
  81  132  138  143  214  356  418  431  486  491
  13
  68  74  110  168  225  235  300  305  337  358  387  448  456
  19
  35  67  107  117  118  243  244  250  265  272  276  280  349  364  370  382  385  406  488
  2
  263  439
  4
  239  260  278  328
  16
  9  14  31  131  187  192  249  251  307  313  318  356  394  401  419  454
  14
  29  60  80  108  117  134  200  240  249  276  289  304  306  491
  15
  68  91  118  152  195  224  243  269  301  305  330  341  372  419  443
  16
  116  195  209  217  276  302  347  366  374  378  383  384  389  405  423  425
  14
  10  49  125  127  198  224  251  257  265  274  433  436  455  475
  17
  23  109  118  135  168  172  184  244  259  274  316  397  402  412  456  465  467
  6
  62  128  165  196  272  337
  7
  93  147  175  187  239  360  476
  5
  57  206  300  343  464
  9
  18  93  104  307  462  466  468  486  488
  15
  3  23  69  75  77  135  173  179  183  208  219  233  264  309  335
  15
  15  46  90  111  149  151  196  215  372  395  402  452  453  481  491
  15
  16  24  34  64  97  102  110  123  252  275  277  285  302  464  499
  2
  195  371
  7
  31  59  319  327  362  430  471
  5
  2  114  249  313  452
  18
  90  111  116  149  168  199  231  236  267  268  270  350  373  380  410  450  460  468
  15
  132  169  206  227  229  235  253  258  300  374  394  412  413  421  428
  19
  1  40  74  104  127  140  162  172  177  202  204  215  316  318  331  433  463  476  489
  5
  116  218  277  415  432
  7
  123  139  169  253  321  385  420
  14
  20  35  54  56  147  151  161  191  229  232  312  313  314  331
  9
  113  188  193  198  249  339  348  357  420
  18
  5  32  40  59  73  84  90  92  155  213  320  346  370  405  408  432  461  483
  3
  11  89  248
  11
  81  82  117  148  172  298  361  416  441  447  448
  17
  10  23  49  60  78  96  132  138  180  182  211  261  272  336  360  415  420
  3
  188  277  448
  8
  100  108  163  286  330  414  451  472
  15
  3  49  158  163  172  202  209  238  296  321  330  378  411  423  471
  7
  17  25  107  188  356  424  436
  5
  127  130  221  300  320
  4
  106  224  258  388
  8
  73  208  219  225  338  459  490  496
  18
  46  59  72  96  113  125  129  201  213  228  252  320  326  346  353  355  481  486
  3
  178  288  422
  19
  10  12  39  62  65  140  182  216  228  244  263  325  336  351  376  393  469  485  493
  9
  15  123  172  190  217  326  327  336  396
  2
  114  317
  16
  62  79  109  131  169  192  216  224  307  327  365  367  394  398  401  496
  15
  38  44  119  143  175  196  238  250  272  279  402  422  427  448  472
  18
  18  30  58  122  154  174  196  225  245  284  295  298  319  362  381  383  457  489
  18
  24  47  51  55  74  111  118  131  138  162  176  180  212  222  372  418  476  492
  20
  19  26  58  83  92  198  256  271  301  319  326  344  354  356  425  439  478  490  492  497
  6
  20  58  203  260  328  365
  3
  158  196  206
  7
  36  71  82  231  252  260  321
  13
  9  28  44  127  311  327  363  381  391  423  429  437  475
  19
  89  98  118  120  179  180  214  219  226  238  279  384  402  446  452  454  459  477  492
  19
  19  31  70  108  140  198  216  223  227  273  284  317  367  385  391  402  416  422  445
  4
  70  147  177  437
  3
  56  188  402
  19
  1  3  28  35  40  41  61  80  146  149  156  305  370  410  419  425  440  484  493
  14
  8  44  71  82  90  181  203  267  279  313  332  372  423  470
  19
  21  40  45  47  56  58  64  89  137  211  226  254  256  330  380  391  405  413  498
  12
  49  143  158  169  250  258  354  408  409  444  469  488
  12
  54  65  220  260  273  278  362  369  370  409  469  492
  5
  224  252  260  297  390
  3
  119  196  394
  3
  225  289  293
  12
  19  116  125  179  194  201  282  291  324  352  475  486
  9
  4  37  78  122  285  342  423  434  480
  2
  379  477
  20
  10  55  77  85  88  133  158  187  192  216  223  239  303  329  339  357  372  385  402  423
  2
  191  194
  13
  23  52  60  73  274  282  286  304  350  417  431  460  481
  15
  19  52  58  97  136  186  228  276  282  289  334  339  375  397  467
  15
  23  44  48  74  139  178  184  187  252  263  308  323  366  419  496
  16
  33  49  53  74  174  181  227  286  316  337  342  359  387  388  467  484
  8
  34  129  133  340  343  395  415  479
  17
  14  36  50  84  85  168  221  265  271  273  277  300  381  411  437  453  476
  12
  51  64  71  77  89  171  178  201  215  321  350  360
  17
  22  40  41  127  221  232  255  267  269  297  303  321  339  353  372  374  379
  20
  12  28  85  88  121  130  205  235  247  268  276  280  291  299  315  352  390  464  488  499
  10
  98  119  156  164  277  339  356  368  372  431
  11
  81  108  122  123  129  136  234  286  402  403  454
  16
  5  9  43  80  83  131  159  167  184  264  265  270  272  348  380  388
  2
  277  373
  12
  30  62  65  107  205  255  285  322  396  413  429  434
  4
  70  293  385  487
  18
  28  44  73  87  97  147  151  182  210  234  259  302  329  358  361  453  462  489
  8
  83  130  144  198  341  386  423  424
  19
  21  29  48  62  73  74  90  108  119  121  213  258  307  309  310  398  406  410  439
  11
  56  69  90  271  331  361  363  421  438  487  495
  9
  58  74  92  93  102  107  255  342  457
  4
  50  243  350  403
  8
  123  267  281  371  425  472  493  499
  7
  20  218  258  268  322  395  465
  19
  13  18  20  87  157  255  258  294  312  333  355  356  403  423  455  462  487  490  494
  3
  194  357  361
  14
  25  117  129  174  199  212  226  313  377  392  425  457  460  474
  4
  1  102  314  402
  13
  46  60  114  128  184  227  237  245  248  281  301  350  359
  14
  21  78  141  211  214  266  284  321  332  375  391  395  424  496
  7
  178  221  247  313  328  352  361
  8
  34  51  131  207  251  363  466  469
  17
  95  125  129  195  199  224  229  302  335  357  369  379  381  409  428  435  460
  8
  57  134  185  328  397  440  481  499
  20
  22  32  39  43  75  184  217  286  293  296  298  318  329  338  349  398  430  440  447  484
  6
  128  140  191  225  420  486
  18
  25  31  46  74  89  142  163  168  226  332  344  380  395  414  435  443  495  499
  13
  11  55  77  113  197  203  227  267  300  307  388  426  490
  8
  20  85  256  322  363  409  435  474
  2
  39  89
  14
  16  33  74  87  137  157  188  202  203  230  287  383  397  440
  14
  66  85  102  103  130  159  222  267  286  391  402  415  451  483
  3
  11  209  320
  2
  342  396
  13
  56  146  255  266  277  279  303  312  379  409  436  440  492
  7
  119  142  350  413  469  481  483
  11
  127  159  291  321  373  383  417  451  452  466  491
  10
  2  22  132  161  177  323  354  436  440  488
  7
  121  198  390  420  457  479  498
  9
  5  74  75  99  168  200  290  431  477
  19
  13  26  43  57  153  176  189  262  291  295  305  330  335  354  438  475  483  487  497
  20
  43  47  75  103  113  117  119  194  198  200  221  309  327  341  349  368  395  449  466  492
  11
  2  65  88  141  218  222  253  305  308  441  477
  18
  7  14  18  43  49  64  68  137  176  178  187  191  244  245  285  311  341  420
  10
  31  119  270  275  279  310  320  329  353  366
  12
  55  95  99  144  165  194  268  313  369  416  439  449
  19
  8  13  63  82  156  161  185  252  254  274  309  356  371  396  402  448  464  470  478
  5
  11  44  133  138  272
  16
  6  16  44  60  82  98  222  225  240  249  269  293  316  342  353  480
  14
  37  62  110  123  161  174  178  256  261  267  323  361  383  418
  5
  13  171  280  328  344
  11
  11  68  85  91  121  141  188  200  246  317  499
  18
  9  14  30  59  63  80  110  144  175  195  271  329  366  371  440  453  473  498
  8
  25  48  93  215  218  310  327  361
  12
  25  73  78  117  185  187  212  277  312  334  343  396
  13
  31  131  192  227  254  255  276  321  338  346  352  374  450
  12
  6  62  92  129  131  157  181  193  226  237  332  429
  16
  32  128  129  161  188  196  217  220  246  248  338  376  385  427  453  463
  19
  19  23  52  61  75  83  92  101  108  147  260  317  326  347  383  404  475  480  495
  17
  3  30  142  160  162  168  182  185  193  206  285  298  320  364  374  455  496
  3
  139  383  491
  20
  4  32  43  44  110  113  142  184  248  284  291  352  368  374  388  393  426  474  488  493
  17
  41  50  67  76  86  124  189  234  312  326  396  417  428  467  484  490  496
  6
  91  128  148  234  293  485
  2
  348  475
  11
  18  43  49  84  91  208  241  274  438  479  484
  14
  40  153  160  195  218  220  232  243  255  374  467  490  494  499
  8
  27  148  218  228  430  460  462  463
  16
  26  64  78  89  130  171  172  198  214  233  245  334  377  398  452  453
  10
  58  67  109  155  168  230  248  291  295  444
  12
  42  95  105  167  218  249  304  364  366  403  463  477
  6
  15  19  293  346  354  411
  2
  82  97
  18
  1  25  40  52  64  81  96  140  144  188  226  273  341  387  431  435  451  496
  12
  168  181  227  289  303  361  371  407  420  459  480  495
  17
  43  51  66  74  88  104  192  212  215  227  233  234  278  292  367  371  407
  5
  24  47  153  263  425
  10
  44  110  120  183  188  256  261  361  454  493
  18
  2  42  86  152  179  182  207  246  312  316  322  331  337  353  372  377  436  445
  2
  169  356
  8
  42  45  106  126  186  342  372  449
  2
  385  396
  18
  15  46  66  78  116  182  202  208  213  294  304  322  327  427  472  476  479  491
  16
  23  66  118  138  188  222  235  256  259  316  328  335  371  448  464  479
  6
  106  175  245  315  322  441
  18
  28  50  114  121  150  187  210  228  242  285  295  351  366  373  376  393  460  493
  16
  68  107  109  126  223  240  241  244  402  403  417  420  440  444  449  466
  6
  26  57  84  130  308  460
  18
  15  39  40  66  74  151  164  173  205  276  299  305  351  454  456  472  475  485
  9
  44  83  116  193  358  374  378  445  498
  2
  262  419
  8
  66  75  93  154  167  276  346  407
  13
  7  37  81  89  216  236  311  411  450  452  471  478  495
  4
  128  228  278  407
  12
  4  6  8  86  225  261  285  311  340  344  351  445
  8
  14  56  239  342  473  476  479  492
  18
  41  45  68  71  95  104  106  115  131  157  169  197  279  312  345  364  373  500
  12
  5  50  59  67  74  134  220  264  303  321  332  489
  9
  93  184  187  223  241  277  310  477  499
  6
  173  270  462  471  482  494
  20
  13  33  34  180  210  224  289  297  316  342  368  369  382  400  433  439  442  474  481  484
  2
  40  432
  9
  77  143  274  278  290  312  347  454  496
  14
  31  85  98  131  230  236  258  316  368  379  391  411  428  490
  15
  25  60  95  102  123  137  231  263  312  331  351  379  409  424  491
  17
  21  37  96  127  135  154  185  199  206  235  238  275  278  282  288  356  433
  11
  13  39  66  88  172  266  270  318  365  444  500
  16
  31  40  60  64  75  105  134  163  252  283  311  342  361  398  404  424
  15
  14  43  73  175  190  268  290  330  349  378  386  388  414  434  440
  7
  3  76  92  194  344  388  402
  6
  34  131  242  273  312  387
  19
  16  18  44  68  106  147  150  184  187  271  308  311  346  364  391  395  401  457  487
  19
  1  13  55  66  145  151  172  173  202  219  230  251  277  296  312  349  384  418  473
  6
  30  189  348  379  456  467
  11
  12  60  64  128  154  163  199  241  261  363  444
  19
  4  22  43  115  127  148  151  167  171  211  237  264  286  372  408  416  481  485  490
  5
  12  90  196  289  314
  11
  12  93  150  179  225  247  254  305  350  469  470
  4
  148  356  459  491
  11
  53  61  83  98  170  218  256  314  374  423  482
  12
  27  39  122  218  219  265  352  380  402  405  443  476
  16
  43  73  78  113  225  258  300  328  334  370  383  384  402  405  441  460
  15
  15  20  50  69  103  129  244  289  335  387  396  409  410  481  492
  3
  240  269  351
  5
  69  266  272  392  396
  20
  2  27  44  101  112  122  136  164  200  293  309  317  323  346  386  398  403  406  416  431
  2
  282  381
  11
  60  63  88  131  177  212  243  314  339  390  437
  4
  111  142  169  243
  13
  3  96  114  130  150  162  246  309  347  395  455  475  495
  16
  59  61  151  185  189  206  216  268  321  338  339  425  444  446  454  488
  20
  25  57  59  79  80  83  133  152  162  183  194  223  249  318  321  365  372  389  460  465
  5
  8  192  284  368  438
  8
  72  76  137  146  153  223  351  433
  9
  26  29  132  200  276  286  378  440  485
  14
  19  38  56  88  120  131  236  238  292  305  336  382  425  460
  8
  120  199  216  227  245  378  418  419
  5
  112  122  195  268  420
  8
  157  161  177  203  273  314  321  456
  5
  24  175  182  218  369
  5
  18  285  294  328  407
  17
  2  38  146  152  161  162  170  210  238  301  339  353  374  397  424  426  430
  13
  106  175  227  259  280  309  314  327  362  383  400  414  464
  5
  35  71  135  309  395
  2
  284  422
  5
  58  195  310  357  498
  15
  33  39  55  105  158  162  259  260  281  316  323  340  394  429  453
  10
  24  111  134  197  208  323  330  350  460  469
  10
  69  90  96  97  125  127  147  211  238  364
  6
  70  125  203  250  343  399
  17
  30  31  33  34  79  101  124  126  139  212  248  249  316  374  435  443  483
  7
  39  62  162  225  322  329  372
  2
  179  213
  17
  74  97  112  146  168  173  198  223  229  232  260  379  389  416  443  447  473
  6
  61  77  96  222  342  364
  19
  34  41  55  125  136  144  163  231  246  257  301  309  310  311  328  358  411  456  476
  20
  54  68  99  103  132  148  176  181  243  270  309  346  367  381  388  394  402  467  471  478
  3
  78  227  350
  3
  35  212  414
  17
  3  28  68  91  101  113  132  219  224  283  288  331  376  379  454  456  478
  2
  205  289
  2
  87  493
  18
  4  7  56  66  76  86  110  209  225  232  247  257  311  314  408  411  488  498
  6
  69  193  201  232  266  481
  7
  132  235  277  278  311  373  434
  4
  279  401  423  448
  8
  111  123  124  160  326  361  370  388
  5
  77  116  235  343  345
  11
  49  62  177  181  246  266  288  299  388  389  397
  15
  51  55  101  166  168  188  210  212  258  303  316  330  358  369  425
  8
  6  46  120  221  329  363  426  492
  9
  12  48  92  163  164  310  380  417  418
  8
  1  96  195  198  215  255  452  495
  6
  87  95  129  347  428  444
  20
  12  39  43  59  79  96  132  151  163  177  256  267  357  358  364  404  426  463  467  472
  4
  241  290  306  423
  11
  39  109  124  210  230  329  332  334  359  371  493
  6
  18  112  186  208  237  267
  4
  252  291  326  387
  13
  7  25  109  136  157  192  225  262  378  423  433  442  489
  16
  13  22  85  126  143  163  181  214  218  255  301  338  365  391  430  466
  10
  29  35  38  110  196  305  376  424  459  491
  4
  24  27  295  347
  3
  228  333  429
  10
  12  29  43  122  133  268  277  440  466  474
  15
  97  103  122  166  187  296  304  332  334  335  370  381  445  456  484
  7
  40  100  111  120  147  201  332
  20
  39  118  130  208  210  219  285  287  325  328  385  392  403  406  419  420  424  428  429  440
  9
  99  122  124  163  176  212  347  424  441
  15
  18  65  70  112  119  132  220  243  275  313  344  383  413  445  486
  18
  12  35  36  88  186  197  207  217  292  297  300  351  383  407  417  418  424  436
  6
  7  104  178  202  213  298
  10
  29  88  151  192  195  201  204  334  393  471
  12
  21  91  115  142  202  220  223  232  246  318  357  493
  20
  8  10  25  58  68  92  116  159  204  209  216  270  273  294  333  385  393  431  438  493
  13
  48  100  106  181  197  235  343  365  376  389  448  478  484
  6
  43  157  298  325  370  477
  16
  32  35  56  62  184  236  263  271  304  345  360  368  369  430  435  486
  6
  120  182  211  259  333  498
  2
  27  338
  15
  24  34  55  122  192  230  258  263  299  336  376  442  450  467  499
  19
  56  81  92  127  129  138  155  168  171  188  204  243  270  285  286  294  324  346  425
  5
  62  145  297  387  452
  2
  95  97
  13
  5  16  51  65  89  122  160  192  220  266  310  360  390
  8
  178  217  306  319  359  392  453  477
  16
  22  91  110  140  225  229  255  312  344  365  371  396  432  445  451  474
  12
  24  33  60  79  83  93  106  306  326  331  365  468
  15
  33  43  103  222  230  267  284  285  308  310  342  343  374  391  455
  19
  26  27  53  74  93  99  170  182  226  244  280  282  306  336  395  398  402  453  469
  19
  25  63  76  82  155  210  234  264  307  308  310  312  324  364  417  426  454  468  490
  8
  23  27  64  200  205  432  483  491
  4
  16  156  167  246
  14
  42  65  84  129  156  166  172  214  268  336  371  388  420  461
  3
  58  76  196
  12
  46  48  53  57  84  178  300  326  369  377  406  459
  18
  15  32  49  69  78  124  139  183  225  255  311  364  387  388  415  423  441  458
  10
  54  163  164  198  205  211  229  332  369  381
  2
  148  389
  19
  17  26  29  34  53  67  106  178  234  255  298  339  363  365  373  394  402  418  475
  7
  63  69  84  270  321  342  397
  7
  33  254  345  364  377  425  498
  9
  62  168  224  305  307  357  422  482  495
  16
  4  8  21  23  67  114  284  342  391  398  407  408  417  420  425  473
  20
  15  22  67  80  101  122  123  211  216  228  238  266  274  345  360  384  395  417  441  455
  2
  60  486
  14
  40  54  95  108  133  172  183  196  225  242  251  254  436  453
  13
  28  81  102  168  200  206  234  328  375  394  415  465  490
  14
  25  89  102  103  119  144  165  209  315  338  378  381  384  430
  15
  88  98  127  132  151  153  201  206  221  248  255  312  378  419  495
  10
  22  40  90  133  188  189  340  378  426  453
  8
  8  41  98  133  380  393  401  416
  13
  25  50  57  68  101  185  228  250  349  369  394  429  463
  4
  61  233  373  494
  4
  95  341  373  475
  9
  56  153  166  244  253  259  288  469  491
  19
  127  143  169  183  193  215  225  257  271  273  327  329  344  385  395  400  417  433  492
  9
  14  148  154  316  342  356  361  437  445
  11
  47  49  56  72  152  165  196  241  331  370  459
  8
  11  32  35  93  106  146  177  453
  10
  90  106  218  278  303  394  419  445  453  468
  10
  18  136  156  193  194  368  380  395  472  473
  12
  25  28  40  205  222  246  255  291  305  344  403  447
  6
  76  92  103  156  240  392
  19
  62  81  107  168  176  194  199  225  242  272  292  342  364  369  371  433  438  470  500
  9
  129  139  203  281  388  394  438  443  479
  15
  19  122  147  153  179  277  297  299  323  339  341  370  411  469  481
  3
  63  118  294
  11
  48  107  139  227  252  307  319  324  346  347  409
  18
  72  107  147  153  166  193  196  230  315  317  330  376  397  410  427  428  437  467
  18
  38  89  90  154  184  198  212  224  286  312  378  381  384  434  467  468  494  497
  10
  29  80  82  174  234  326  364  402  479  494
  6
  27  29  50  183  265  350
  15
  59  66  122  136  152  174  191  288  327  364  366  392  408  482  484
  8
  31  44  78  116  144  145  320  329
  4
  41  230  358  398
  9
  72  156  182  279  316  358  359  427  490
  5
  168  273  303  361  465
  9
  3  194  265  283  288  330  449  469  497
  4
  20  28  434  499
  4
  71  110  212  300
  19
  12  22  29  47  70  107  114  167  228  256  266  336  352  376  397  428  431  453  484
  16
  59  67  70  110  115  175  191  208  237  259  310  362  382  467  487  499
  2
  392  473
  9
  15  84  133  242  246  321  333  354  363
  12
  6  39  65  134  140  182  202  218  267  305  361  493
  7
  6  21  46  168  230  337  445
  2
  276  370
  10
  21  122  213  238  293  299  318  373  377  402
  4
  8  84  436  484
  2
  37  137
  14
  42  67  137  141  167  180  211  309  314  387  426  492  496  499
  3
  55  112  306
  6
  29  113  207  357  362  382
  2
  173  357
  14
  33  40  80  101  199  238  268  272  324  356  359  394  463  468
  9
  8  123  164  205  218  284  336  345  429
  6
  14  135  151  302  429  472
  20
  16  22  25  54  58  106  160  164  169  184  193  210  267  279  331  430  448  455  466  499
  10
  13  14  50  51  119  155  296  376  470  488
  9
  35  110  124  128  181  206  392  403  412
  11
  35  71  94  115  185  230  233  354  408  431  474
  3
  331  436  489
  12
  2  16  62  68  123  169  219  277  320  380  403  499
  17
  36  127  138  155  210  242  244  258  265  312  326  361  363  399  423  425  487
  16
  11  14  69  117  204  230  252  271  289  309  327  383  389  405  458  492
  7
  37  56  73  160  170  280  473
  16
  11  12  20  54  143  152  170  227  235  236  250  253  343  369  379  498
  15
  79  120  127  132  161  173  183  188  210  281  283  374  395  415  488
  10
  59  69  89  94  101  119  136  151  182  280
