  500  500
  19  7  19  8  8  20  20  10  17  11  3  2  11  20  15  12  5  14  6  10  19  6  12  16  20  4  10  13  11  18  1  9  20  8  19  14  16  7  13  9  10  7  9  2  6  11  19  5  18  6  1  2  9  15  6  19  12  18  5  13  13  11  17  18  11  19  8  6  4  17  17  13  2  12  13  11  16  2  10  17  18  3  9  1  9  10  3  9  19  14  6  6  15  7  1  15  4  13  7  16  13  19  9  18  7  8  4  16  6  1  17  3  15  14  14  17  7  15  6  6  2  13  4  5  8  11  17  5  10  4  19  6  11  2  17  5  13  18  4  16  13  11  17  2  15  7  1  11  13  8  14  10  18  2  12  3  19  10  13  2  15  2  11  20  19  3  3  1  4  18  1  18  18  1  13  11  12  11  17  3  16  12  19  1  7  10  15  16  18  3  20  1  10  20  12  1  7  4  13  18  18  8  4  18  5  4  12  5  3  13  13  14  13  17  13  17  5  6  12  10  17  11  15  15  7  12  4  20  7  20  15  5  8  14  9  18  14  12  20  8  2  4  5  9  5  10  17  6  18  15  20  12  19  14  11  16  11  20  19  5  19  16  5  8  16  6  8  7  15  8  14  10  11  18  18  10  10  12  12  8  10  4  17  16  14  11  1  10  19  19  11  10  13  19  16  19  2  2  9  5  9  19  17  11  11  7  9  14  5  8  9  2  10  19  20  18  20  12  3  12  9  16  10  8  17  19  2  19  3  10  18  9  19  20  5  10  6  15  19  20  18  16  8  2  13  6  16  11  18  13  16  5  17  19  2  8  20  3  4  10  16  17  10  5  18  17  7  10  1  15  16  14  18  18  17  2  1  9  17  15  13  5  9  17  17  6  4  3  5  13  3  19  2  6  12  7  2  17  7  17  12  18  4  3  5  11  13  8  7  1  18  20  17  2  10  19  1  6  8  9  19  17  19  1  1  15  19  11  17  16  17  11  8  14  11  1  1  5  14  20  18  11  2  2  20  4  13  19  6  6  10  6  1  10  20  8  2  17  11  18  4  15  13  11  1  1  9  20  6  12  2  2  5  13  16  16  7  3  1  8  18  16  5  14  9  12  17  10  2  11  12  11  14  6  4  4  9  9  12  4
  2
  136  423
  4
  255  261  408  414
  5
  45  233  238  241  444
  3
  70  190  428
  5
  4  238  317  326  448
  3
  107  129  216
  3
  1  196  222
  4
  73  137  281  386
  3
  246  374  395
  2
  346  497
  5
  107  184  221  264  342
  5
  6  16  223  231  325
  3
  25  351  391
  3
  51  58  418
  2
  471  473
  5
  142  338  339  389  443
  4
  101  124  358  439
  4
  316  412  445  499
  3
  17  116  246
  2
  144  496
  4
  133  181  244  247
  4
  60  84  360  383
  3
  133  149  162
  3
  92  336  376
  5
  22  172  237  279  341
  4
  71  141  180  184
  3
  52  169  273
  2
  129  225
  2
  54  415
  4
  76  230  374  376
  2
  50  155
  5
  303  392  394  419  470
  4
  273  348  360  426
  2
  86  378
  2
  213  475
  2
  51  171
  4
  344  401  431  444
  5
  106  146  332  422  464
  3
  103  283  327
  4
  25  113  272  499
  4
  2  187  314  471
  2
  209  338
  2
  255  412
  3
  236  443  487
  4
  16  149  188  273
  3
  189  391  462
  3
  17  125  298
  2
  102  306
  4
  81  82  213  338
  3
  364  404  443
  4
  65  70  283  405
  4
  39  253  390  440
  2
  19  21
  4
  223  227  263  331
  2
  369  487
  5
  175  198  369  396  417
  2
  219  273
  2
  5  481
  2
  234  375
  5
  87  198  221  343  444
  4
  8  46  127  195
  5
  44  143  210  316  323
  4
  49  240  398  479
  5
  199  372  401  418  458
  3
  81  104  150
  3
  283  426  432
  4
  48  184  348  352
  5
  348  400  430  453  459
  4
  18  231  344  388
  4
  74  152  269  357
  2
  208  393
  5
  127  139  177  423  490
  4
  32  200  208  373
  4
  91  121  240  326
  2
  121  201
  3
  187  355  497
  3
  297  335  491
  5
  2  118  484  490  495
  4
  60  272  315  373
  3
  221  350  381
  4
  15  135  376  440
  3
  71  148  161
  2
  111  283
  2
  399  408
  2
  161  169
  4
  161  261  444  499
  2
  288  412
  5
  88  191  220  226  453
  4
  96  289  320  472
  2
  61  317
  5
  99  126  171  488  498
  3
  119  307  375
  2
  122  134
  2
  32  325
  4
  74  76  152  180
  3
  188  198  344
  3
  138  306  401
  5
  43  161  376  469  472
  3
  16  324  329
  5
  15  120  329  403  478
  3
  11  113  176
  2
  164  209
  5
  20  32  328  344  395
  5
  115  279  292  350  412
  3
  78  100  119
  3
  284  401  411
  3
  167  293  484
  5
  159  212  426  449  492
  2
  388  400
  3
  61  156  375
  5
  16  41  131  173  479
  3
  172  324  436
  5
  190  343  360  454  491
  5
  24  174  304  328  370
  2
  90  315
  4
  209  260  355  360
  2
  237  500
  2
  399  499
  4
  28  273  328  428
  2
  153  382
  2
  162  343
  4
  79  81  403  478
  3
  75  331  498
  2
  34  394
  4
  128  142  327  437
  5
  55  111  175  235  457
  4
  34  169  308  354
  5
  74  75  102  247  500
  5
  78  185  190  250  487
  3
  125  135  416
  3
  57  121  477
  3
  286  309  403
  4
  143  355  399  440
  4
  175  238  291  386
  2
  82  133
  4
  174  338  370  442
  5
  232  323  460  491  497
  5
  222  235  291  417  433
  2
  292  486
  5
  2  53  158  327  364
  2
  342  398
  4
  78  203  364  382
  2
  352  414
  5
  81  128  360  410  485
  4
  14  161  329  429
  3
  81  89  209
  5
  118  198  244  400  418
  4
  73  231  326  442
  2
  13  420
  4
  44  55  205  351
  4
  248  273  322  497
  5
  133  322  389  409  436
  5
  9  42  66  109  152
  5
  101  116  346  457  464
  2
  108  209
  5
  9  60  242  254  450
  3
  57  131  273
  2
  140  273
  5
  124  242  293  358  371
  4
  41  429  433  458
  3
  196  263  490
  5
  69  93  165  277  358
  4
  16  318  356  412
  5
  260  328  334  354  479
  4
  85  310  354  360
  5
  178  237  342  394  413
  3
  54  55  160
  3
  23  51  396
  4
  7  58  371  394
  3
  137  162  475
  3
  57  296  471
  2
  36  463
  4
  64  214  286  305
  4
  112  131  349  352
  3
  111  131  481
  4
  114  295  363  466
  5
  31  68  324  392  449
  4
  98  296  304  346
  3
  40  279  499
  4
  51  386  439  442
  5
  83  179  359  363  481
  4
  67  235  298  310
  2
  147  280
  3
  191  285  460
  3
  62  115  375
  4
  4  36  151  377
  3
  334  408  487
  2
  216  346
  2
  92  270
  3
  95  220  367
  5
  113  178  180  375  388
  5
  40  63  85  280  493
  3
  63  359  471
  4
  101  246  267  403
  5
  30  289  295  346  490
  2
  176  185
  2
  305  442
  3
  99  399  474
  3
  186  215  456
  5
  140  274  282  347  489
  2
  239  433
  5
  97  299  414  443  457
  2
  169  315
  4
  42  185  240  360
  4
  191  201  353  377
  2
  173  274
  2
  159  499
  2
  349  414
  5
  140  292  307  365  400
  4
  25  119  371  433
  5
  80  241  297  339  420
  3
  364  484  492
  2
  257  300
  5
  106  126  135  155  257
  5
  144  173  270  295  453
  3
  36  440  496
  3
  28  161  263
  5
  5  178  390  407  427
  2
  44  293
  2
  123  368
  2
  84  207
  4
  82  101  150  198
  2
  6  203
  5
  45  126  187  369  447
  2
  236  391
  5
  31  140  144  310  436
  5
  103  138  203  246  285
  2
  209  237
  4
  49  409  425  455
  4
  267  339  456  470
  5
  190  366  399  457  469
  5
  135  218  389  442  485
  4
  145  415  448  472
  3
  209  419  472
  2
  91  358
  4
  120  345  362  447
  5
  82  83  343  380  406
  5
  105  117  203  247  362
  4
  145  277  487  493
  4
  86  237  258  468
  2
  308  470
  4
  15  232  274  412
  2
  63  310
  2
  242  425
  5
  85  134  239  450  494
  5
  163  316  320  428  497
  3
  19  374  469
  4
  47  188  290  359
  3
  214  264  343
  2
  127  403
  2
  139  329
  2
  137  212
  2
  376  452
  3
  246  254  257
  3
  6  190  410
  4
  57  69  323  432
  3
  208  306  458
  3
  365  431  457
  3
  193  241  357
  5
  82  130  165  193  305
  5
  152  210  225  280  374
  2
  368  469
  3
  89  269  472
  3
  161  280  381
  3
  11  61  497
  3
  205  210  489
  3
  96  179  226
  2
  136  177
  3
  287  475  483
  5
  27  272  282  419  451
  4
  133  327  360  429
  5
  40  55  86  159  499
  5
  42  98  102  151  424
  3
  288  395  450
  3
  123  154  406
  2
  397  477
  2
  348  392
  2
  153  476
  4
  66  95  148  385
  3
  62  274  393
  5
  15  174  177  253  485
  5
  7  20  63  238  487
  5
  180  231  444  469  473
  2
  97  169
  4
  19  230  291  318
  5
  24  131  161  387  427
  2
  126  414
  5
  137  285  315  323  364
  5
  189  311  408  423  425
  2
  39  470
  5
  80  104  234  305  329
  5
  34  124  128  161  272
  3
  7  484  495
  5
  183  259  356  357  386
  3
  315  397  413
  3
  37  372  394
  2
  209  257
  5
  95  187  238  369  426
  5
  51  60  141  256  500
  5
  63  76  221  248  416
  3
  157  426  454
  2
  39  395
  2
  86  443
  4
  91  219  270  490
  2
  259  480
  5
  213  250  287  323  340
  3
  241  257  451
  2
  156  216
  2
  205  443
  5
  58  362  394  474  494
  2
  202  212
  2
  53  156
  3
  188  267  482
  3
  57  314  384
  4
  26  235  310  493
  4
  87  182  392  482
  2
  388  408
  5
  158  263  282  318  479
  3
  20  42  333
  5
  23  47  93  124  185
  4
  11  190  332  345
  2
  32  107
  3
  270  443  490
  3
  146  411  444
  4
  189  216  376  467
  3
  352  363  410
  2
  260  394
  5
  194  279  294  448  495
  5
  21  74  350  352  395
  5
  10  171  241  346  446
  4
  26  336  423  441
  5
  13  49  184  456  461
  5
  40  78  360  429  467
  3
  297  403  459
  2
  123  281
  3
  4  161  466
  3
  83  265  450
  5
  48  102  314  390  438
  3
  15  99  168
  5
  59  192  368  414  443
  5
  170  194  325  358  382
  3
  14  129  346
  3
  148  217  434
  3
  10  29  76
  2
  41  169
  3
  28  303  500
  2
  345  392
  3
  35  330  496
  5
  24  175  387  399  440
  5
  8  65  327  329  394
  4
  165  277  365  367
  4
  239  247  366  417
  4
  93  354  405  418
  4
  69  140  415  486
  3
  71  157  286
  4
  22  307  420  423
  3
  2  59  156
  4
  37  59  230  410
  3
  253  276  418
  3
  181  206  356
  5
  127  187  280  361  424
  5
  69  92  278  296  415
  3
  140  146  231
  4
  20  96  142  381
  2
  171  336
  3
  42  43  61
  4
  28  71  330  378
  3
  22  226  459
  3
  56  183  298
  2
  17  320
  5
  19  84  392  426  464
  5
  17  149  209  324  357
  4
  71  355  417  420
  2
  398  495
  2
  219  264
  2
  83  375
  2
  132  440
  4
  266  367  378  439
  3
  99  253  359
  3
  169  388  461
  5
  130  162  275  315  426
  5
  107  215  366  388  490
  4
  10  52  77  204
  5
  115  230  276  316  430
  5
  131  208  251  377  445
  5
  20  255  265  336  472
  3
  267  373  471
  4
  60  201  218  450
  2
  278  399
  5
  2  81  142  183  435
  2
  102  366
  3
  251  360  446
  5
  73  142  169  248  424
  2
  198  226
  2
  198  402
  4
  212  227  370  488
  4
  138  215  354  388
  3
  331  342  389
  5
  55  71  228  282  356
  3
  322  385  414
  2
  123  131
  3
  24  71  434
  3
  365  379  382
  4
  185  187  250  269
  4
  135  256  272  466
  4
  18  45  124  264
  4
  95  99  185  388
  3
  18  420  464
  4
  190  267  351  450
  2
  298  408
  3
  132  242  326
  4
  13  99  229  357
  3
  7  458  462
  5
  17  281  288  379  440
  3
  304  446  457
  2
  394  410
  2
  301  334
  5
  1  34  332  483  487
  3
  78  179  403
  4
  18  31  379  461
  5
  200  371  388  415  425
  3
  373  377  444
  5
  11  41  69  229  408
  3
  150  343  490
  2
  24  229
  2
  64  290
  4
  133  266  340  495
  5
  57  99  367  384  399
  4
  98  102  173  192
  5
  66  121  233  388  447
  4
  124  181  196  261
  2
  76  221
  3
  112  255  444
  5
  38  46  215  403  499
  5
  138  230  309  405  494
  2
  402  462
  2
  269  332
  4
  134  250  318  350
  3
  71  248  450
  2
  403  481
  2
  132  168
  3
  25  186  350
  2
  128  130
  4
  130  132  237  298
  5
  11  51  202  492  495
  5
  33  168  191  194  324
  4
  97  100  337  358
  4
  186  259  322  445
  4
  189  320  364  484
  5
  7  366  402  454  458
  5
  127  132  352  406  494
  2
  125  264
  5
  120  228  404  425  474
  3
  139  350  492
  4
  52  243  449  468
  2
  24  250
  4
  144  251  261  380
  2
  397  411
  2
  161  286
  4
  5  109  435  495
  5
  16  40  113  145  163
  2
  29  209
  5
  106  208  223  416  418
  4
  63  125  301  485
  5
  63  95  176  262  414
  3
  134  264  441
  4
  44  107  190  244
  3
  116  168  292
  4
  56  392  403  414
  4
  61  295  374  410
  2
  136  381
  2
  214  366
  5
  124  162  226  326  496
  4
  138  391  418  463
  3
  120  232  343
  4
  9  45  196  207
  4
  160  167  227  380
  3
  97  170  489
  3
  67  98  474
  5
  52  64  130  190  421
  2
  468  489
  5
  61  113  168  461  497
  2
  230  429
  2
  22  424
  3
  164  342  415
  4
  346  354  419  469
  5
  54  136  240  247  343
  4
  259  391  432  494
  5
  37  43  49  75  352
  3
  293  446  479
  3
  81  298  415
  2
  58  188
  5
  14  197  274  394  423
  3
  124  150  191
  2
  326  446
  4
  113  117  386  387
  3
  59  464  482
  4
  278  348  385  425
  2
  322  329
  2
  17  332
