  2500  500
  1  1  1  1  1  1  1  1  1  1  1  1  1  1  1  1  1  1  1  1  1  1  1  1  1  1  1  1  1  1  1  1  1  1  1  1  1  1  1  1  1  1  1  1  1  1  1  1  1  1  1  1  1  1  1  1  1  1  1  1  1  1  1  1  1  1  1  1  1  1  1  1  1  1  1  1  1  1  1  1  1  1  1  1  1  1  1  1  1  1  1  1  1  1  1  1  1  1  1  1  1  1  1  1  1  1  1  1  1  1  1  1  1  1  1  1  1  1  1  1  1  1  1  1  1  1  1  1  1  1  1  1  1  1  1  1  1  1  1  1  1  1  1  1  1  1  1  1  1  1  1  1  1  1  1  1  1  1  1  1  1  1  1  1  1  1  1  1  1  1  1  1  1  1  1  1  1  1  1  1  1  1  1  1  1  1  1  1  1  1  1  1  1  1  1  1  1  1  1  1  1  1  1  1  1  1  1  1  1  1  1  1  1  1  1  1  1  1  1  1  1  1  1  1  1  1  1  1  1  1  1  1  1  1  1  1  1  1  1  1  1  1  1  1  1  1  1  1  1  1  1  1  1  1  1  1  1  1  1  1  1  1  1  1  1  1  1  1  1  1  1  1  1  1  1  1  1  1  1  1  1  1  1  1  1  1  1  1  1  1  1  1  1  1  1  1  1  1  1  1  1  1  1  1  1  1  1  1  1  1  1  1  1  1  1  1  1  1  1  1  1  1  1  1  1  1  1  1  1  1  1  1  1  1  1  1  1  1  1  1  1  1  1  1  1  1  1  1  1  1  1  1  1  1  1  1  1  1  1  1  1  1  1  1  1  1  1  1  1  1  1  1  1  1  1  1  1  1  1  1  1  1  1  1  1  1  1  1  1  1  1  1  1  1  1  1  1  1  1  1  1  1  1  1  1  1  1  1  1  1  1  1  1  1  1  1  1  1  1  1  1  1  1  1  1  1  1  1  1  1  1  1  1  1  1  1  1  1  1  1  1  1  1  1  1  1  1  1  1  1  1  1  1  1  1  1  1  1  1  1  1  1  1  1  1  1  1  1  1  1  1  1  1  1  1  1  1  1  1  1  1  1  1  1  1  1  1  1  1  1  1  1  1  1  1  1  1  1  1  1
  4
  113  185  247  413
  3
  199  237  325
  10
  90  142  150  254  268  316  325  422  442  447
  8
  62  92  101  107  228  253  262  410
  5
  162  387  397  439  471
  9
  133  150  180  228  245  260  325  383  491
  2
  19  373
  4
  229  299  344  365
  8
  38  85  202  300  348  386  419  456
  5
  19  177  319  418  450
  2
  270  328
  9
  31  39  50  51  55  140  184  345  417
  5
  60  94  346  383  467
  6
  44  102  181  184  418  473
  3
  141  200  346
  4
  169  178  251  481
  3
  176  288  446
  8
  80  112  195  199  311  326  337  348
  2
  60  483
  3
  64  222  425
  6
  19  202  219  288  296  328
  5
  37  159  217  290  307
  2
  143  366
  8
  180  258  264  319  340  422  457  469
  9
  136  149  211  267  276  288  352  395  498
  4
  80  180  189  238
  3
  31  136  407
  7
  16  59  85  194  350  406  465
  2
  333  371
  3
  328  366  425
  2
  210  337
  8
  70  85  148  180  362  390  406  499
  4
  263  415  468  489
  7
  29  274  305  321  338  395  403
  8
  9  64  89  100  124  166  307  314
  7
  83  223  254  290  376  406  477
  10
  56  65  85  109  130  157  173  249  419  464
  4
  157  216  416  451
  10
  43  75  153  188  191  220  370  460  462  477
  8
  161  205  258  357  409  423  435  476
  8
  35  122  153  174  212  284  392  406
  2
  304  387
  7
  187  259  265  306  309  413  496
  9
  25  111  112  121  211  281  386  418  499
  10
  39  61  68  100  151  279  292  441  471  485
  4
  39  203  305  324
  6
  138  149  226  311  395  468
  7
  60  182  271  301  376  420  482
  4
  6  23  94  186
  3
  81  149  348
  3
  60  63  394
  10
  74  87  157  307  393  408  419  422  468  481
  10
  54  55  107  118  191  200  225  400  422  497
  5
  6  76  162  393  404
  7
  174  195  346  402  443  451  498
  5
  88  110  114  290  457
  3
  152  430  497
  8
  65  144  172  203  228  309  455  471
  5
  61  119  325  328  496
  8
  108  182  327  356  363  369  425  487
  6
  39  43  213  324  351  451
  9
  67  90  187  191  255  356  396  456  471
  7
  48  101  156  224  250  295  330
  5
  13  43  178  312  363
  10
  81  115  130  166  185  187  200  247  265  429
  7
  3  47  293  369  382  413  499
  10
  115  187  204  225  258  331  389  399  412  490
  10
  71  162  199  246  261  308  373  387  412  484
  2
  246  297
  6
  37  222  280  363  441  472
  5
  24  241  284  329  392
  5
  153  205  433  494  499
  8
  109  274  279  291  360  366  416  439
  4
  5  34  387  402
  7
  24  119  146  148  237  344  478
  5
  71  236  262  275  471
  10
  27  68  79  202  227  284  327  333  447  492
  2
  64  205
  5
  183  186  446  465  500
  9
  40  108  129  160  306  374  394  416  427
  6
  69  98  245  279  444  454
  2
  1  400
  7
  130  155  164  205  227  404  497
  5
  51  172  180  427  494
  8
  33  141  253  282  346  457  473  484
  8
  25  237  290  309  323  370  403  451
  7
  11  91  229  250  367  393  396
  2
  251  468
  4
  34  48  295  332
  5
  131  143  337  353  459
  5
  133  269  312  344  400
  5
  83  178  346  353  436
  9
  102  114  328  361  412  423  425  471  488
  9
  34  78  90  91  210  403  423  445  476
  5
  13  55  196  270  365
  7
  13  31  119  143  247  257  373
  6
  102  229  278  304  347  361
  2
  170  281
  5
  9  130  184  319  372
  4
  85  130  301  362
  8
  17  28  164  179  185  197  303  402
  4
  73  136  271  335
  4
  73  124  191  442
  9
  4  11  62  68  126  279  298  444  494
  4
  31  288  317  361
  5
  145  262  270  328  444
  4
  154  257  346  362
  3
  7  276  386
  3
  142  152  449
  10
  14  15  37  42  52  120  223  435  464  476
  7
  59  74  321  363  365  417  464
  9
  15  72  249  256  270  334  344  374  417
  7
  16  65  79  193  207  304  441
  2
  117  286
  4
  100  222  377  412
  9
  14  16  76  153  207  283  347  394  422
  2
  433  490
  5
  24  251  264  305  351
  3
  208  238  351
  6
  133  212  275  288  347  404
  7
  53  94  149  259  395  457  478
  8
  15  41  63  164  298  311  422  442
  6
  29  73  258  279  290  435
  4
  161  193  195  283
  7
  104  140  168  303  353  401  463
  3
  99  113  161
  6
  48  62  119  363  373  436
  4
  104  326  376  478
  3
  309  419  458
  2
  109  161
  6
  65  258  304  310  400  438
  2
  48  138
  6
  167  178  329  332  333  366
  4
  210  259  461  477
  10
  4  70  232  237  288  362  398  427  433  465
  10
  4  14  36  201  209  337  361  390  427  455
  10
  4  47  72  146  167  242  305  342  467  495
  5
  43  119  249  408  419
  2
  157  354
  2
  228  259
  4
  4  20  39  327
  10
  40  59  78  127  160  175  212  242  269  418
  9
  217  235  243  245  379  392  428  447  483
  8
  33  34  50  81  97  152  168  223
  3
  102  184  209
  2
  344  368
  7
  28  43  216  338  472  480  490
  7
  71  118  131  136  158  202  474
  9
  13  25  28  158  273  288  370  446  499
  2
  100  267
  10
  9  36  167  182  227  233  355  422  426  487
  4
  42  88  345  455
  2
  13  179
  7
  8  50  161  222  340  395  448
  3
  38  153  453
  5
  128  308  350  430  457
  3
  369  435  488
  8
  3  40  146  231  262  345  436  497
  3
  272  394  425
  7
  78  166  168  274  389  440  465
  2
  306  439
  8
  220  275  278  353  398  466  480  482
  6
  20  62  175  214  245  426
  6
  18  80  270  330  422  427
  9
  94  135  225  316  317  336  354  461  493
  4
  30  143  253  486
  2
  8  186
  7
  37  39  40  206  216  358  500
  10
  40  128  131  133  175  211  223  244  282  408
  7
  56  64  185  265  399  439  448
  4
  61  294  310  500
  5
  176  254  368  402  464
  2
  86  92
  3
  178  318  330
  4
  23  50  87  414
  3
  233  431  457
  2
  155  496
  2
  170  351
  6
  47  83  171  203  223  242
  4
  37  125  255  374
  2
  232  340
  6
  50  52  171  216  263  454
  8
  37  53  111  259  312  361  385  453
  2
  223  406
  6
  55  81  194  302  351  448
  2
  54  87
  10
  5  92  93  137  235  270  296  349  402  458
  5
  43  244  263  295  485
  10
  22  35  118  139  184  270  301  315  386  397
  4
  67  74  279  304
  10
  19  43  118  191  200  227  264  298  326  441
  7
  41  144  199  213  320  343  398
  4
  92  287  291  439
  10
  106  125  148  152  197  199  394  447  454  496
  3
  13  34  56
  8
  1  9  184  197  295  301  435  444
  3
  27  70  294
  2
  212  488
  6
  56  64  81  187  212  215
  3
  220  263  289
  10
  70  277  279  295  323  337  359  372  480  496
  4
  50  109  307  451
  6
  17  20  296  439  454  459
  6
  38  96  153  458  480  490
  3
  207  318  409
  2
  205  272
  7
  10  22  47  194  313  322  381
  2
  57  464
  7
  104  165  213  386  410  431  464
  8
  71  75  159  275  357  375  415  428
  7
  13  20  100  171  239  240  356
  2
  94  191
  6
  120  214  244  370  411  477
  3
  10  283  311
  2
  82  241
  6
  13  39  94  179  217  273
  9
  33  145  154  234  244  249  275  277  357
  9
  93  187  234  284  317  329  394  443  476
  2
  11  435
  7
  8  83  142  242  399  417  442
  2
  14  408
  5
  143  286  334  341  496
  9
  69  83  173  183  413  463  469  470  485
  10
  14  110  131  146  283  331  334  345  432  468
  8
  118  131  139  282  321  448  454  489
  8
  276  318  323  324  336  337  385  453
  10
  10  15  31  32  95  180  295  358  434  475
  6
  124  192  220  241  464  495
  8
  71  173  263  300  306  337  368  410
  5
  123  136  363  413  439
  10
  10  60  127  174  183  192  195  200  277  479
  6
  111  182  243  364  367  388
  7
  122  177  280  304  311  362  382
  4
  25  180  206  280
  10
  10  103  108  170  214  231  297  384  403  460
  5
  86  147  301  335  449
  7
  62  75  128  140  263  403  462
  4
  134  201  267  355
  8
  6  63  99  151  302  426  439  496
  10
  30  205  216  235  292  334  347  358  387  423
  6
  196  233  404  431  467  472
  4
  14  47  149  485
  8
  38  103  123  143  170  172  276  459
  6
  114  205  238  420  461  462
  8
  76  177  219  241  296  314  326  443
  10
  10  131  178  261  299  301  429  452  485  491
  4
  139  188  243  355
  4
  64  82  142  214
  5
  53  312  355  383  467
  7
  82  150  207  224  312  375  376
  10
  87  112  136  154  164  179  211  247  306  465
  9
  51  118  122  220  222  299  321  447  488
  2
  283  306
  4
  90  149  480  487
  2
  116  417
  9
  44  100  191  224  333  344  464  474  479
  10
  3  12  80  139  216  241  282  307  446  484
  9
  6  16  23  36  174  175  320  361  456
  3
  210  293  332
  2
  92  436
  6
  43  108  144  197  275  295
  10
  77  107  127  147  215  255  279  343  422  439
  4
  146  169  350  445
  6
  1  147  174  231  232  298
  2
  300  352
  4
  68  127  163  241
  4
  247  284  317  333
  10
  8  91  104  114  132  171  209  233  251  465
  6
  250  263  287  363  377  428
  2
  10  147
  3
  191  286  290
  3
  40  102  308
  8
  47  222  274  346  348  365  417  488
  9
  62  71  154  229  280  308  334  345  453
  4
  106  299  495  498
  10
  199  202  216  219  232  234  243  271  301  366
  2
  127  161
  4
  29  247  409  478
  6
  51  93  348  358  382  399
  7
  6  194  276  316  405  480  490
  2
  170  269
  3
  330  461  485
  8
  65  92  119  161  243  248  289  429
  7
  10  72  208  276  333  341  425
  6
  92  113  162  280  336  471
  4
  96  177  443  478
  3
  25  375  436
  10
  71  93  135  328  339  350  358  412  489  494
  7
  48  54  106  155  169  273  392
  8
  51  106  206  369  395  431  432  481
  7
  182  260  273  283  337  417  492
  5
  10  107  263  378  439
  4
  224  336  363  441
  9
  135  147  151  152  169  324  408  474  498
  8
  47  53  104  106  165  214  394  452
  2
  180  257
  2
  178  358
  9
  89  120  121  136  204  213  259  376  441
  4
  17  245  262  396
  9
  39  45  135  142  192  218  232  273  413
  5
  30  57  280  417  424
  3
  11  273  451
  6
  36  87  171  325  351  372
  7
  64  86  96  179  202  220  411
  10
  27  124  146  154  214  218  257  270  383  490
  2
  301  387
  4
  200  289  314  340
  3
  6  388  479
  2
  304  482
  8
  1  31  106  133  210  350  392  473
  5
  125  154  157  187  398
  9
  53  58  68  155  164  184  205  263  296
  4
  161  268  393  463
  8
  16  40  75  218  233  370  409  472
  8
  29  31  174  342  410  474  496  499
  10
  14  58  67  87  101  195  238  240  432  450
  6
  6  203  235  305  327  353
  6
  59  166  239  241  384  386
  5
  39  56  102  349  404
  5
  75  286  304  444  480
  5
  233  275  276  381  389
  7
  73  179  263  289  323  377  461
  4
  260  283  313  352
  6
  135  169  178  184  210  487
  5
  55  236  347  441  459
  7
  76  80  134  326  352  384  426
  3
  228  414  499
  7
  10  114  147  163  234  261  269
  3
  209  345  361
  7
  26  27  90  182  186  388  495
  5
  13  124  151  362  415
  8
  29  46  72  130  207  328  444  473
  4
  196  237  337  489
  5
  20  121  233  354  409
  3
  94  271  323
  8
  3  22  120  152  154  156  320  485
  6
  17  357  415  448  469  498
  4
  2  59  68  309
  10
  99  105  140  174  252  389  416  417  432  500
  6
  13  51  220  355  430  495
  2
  228  263
  7
  8  93  104  198  283  355  364
  4
  228  314  329  363
  2
  290  413
  5
  4  106  196  222  465
  6
  16  123  182  187  273  374
  2
  165  313
  7
  9  30  43  306  344  431  460
  2
  295  409
  10
  20  154  238  255  283  311  352  448  468  491
  5
  108  125  335  344  351
  10
  41  175  217  253  256  301  385  413  477  499
  4
  79  367  392  483
  3
  294  300  404
  4
  13  167  424  439
  3
  306  322  440
  4
  116  174  257  309
  9
  98  181  270  324  373  452  465  477  499
  2
  156  335
  3
  119  285  466
  5
  51  91  117  250  479
  10
  32  60  78  119  133  200  218  379  387  466
  5
  98  100  288  330  336
  2
  184  260
  8
  21  45  86  343  369  371  381  479
  3
  232  246  387
  7
  51  139  183  251  256  298  471
  10
  85  118  123  243  299  343  345  370  432  478
  2
  170  377
  7
  58  108  168  182  307  437  454
  3
  68  204  303
  6
  86  228  249  285  332  368
  10
  20  67  90  100  304  402  414  417  442  443
  6
  149  171  191  346  467  474
  3
  96  179  433
  7
  15  221  250  322  347  394  457
  4
  16  65  251  434
  8
  61  63  98  166  225  374  400  427
  4
  6  276  405  450
  7
  61  98  103  327  413  444  445
  8
  12  115  214  280  295  375  379  453
  3
  127  183  373
  6
  40  44  241  249  282  411
  10
  18  104  121  122  155  251  255  347  348  376
  8
  96  100  170  188  269  286  312  412
  8
  16  99  137  206  283  296  342  345
  7
  7  11  256  279  301  312  462
  8
  8  72  148  227  232  272  331  361
  8
  2  42  54  90  338  402  417  492
  3
  45  306  338
  2
  4  284
  2
  317  383
  6
  82  241  293  367  391  393
  6
  16  159  230  353  455  478
  7
  2  120  144  153  179  253  473
  5
  158  160  175  445  461
  2
  470  482
  5
  8  236  351  357  457
  2
  176  412
  7
  27  133  160  200  313  340  388
  7
  60  94  125  316  374  430  458
  7
  87  191  221  339  342  446  474
  10
  104  141  186  202  318  413  416  437  462  484
  7
  41  161  227  238  266  313  384
  9
  9  63  98  194  285  311  317  434  467
  7
  107  188  237  268  285  343  425
  5
  32  98  227  251  457
  8
  201  233  267  282  348  391  406  434
  10
  1  47  69  114  257  318  354  385  393  450
  9
  41  123  143  154  190  258  291  346  440
  2
  11  437
  9
  29  90  113  188  229  264  384  464  489
  3
  69  118  365
  3
  259  348  465
  9
  27  74  92  143  151  268  275  277  360
  3
  223  294  424
  2
  31  483
  5
  74  92  205  226  272
  9
  14  147  249  323  355  379  429  449  495
  8
  44  67  68  195  371  402  479  492
  4
  237  350  357  469
  6
  110  213  317  396  431  437
  3
  174  275  475
  4
  51  202  286  288
  8
  60  105  171  186  235  295  359  399
  3
  7  67  323
  8
  14  183  227  325  328  392  405  414
  2
  50  202
  3
  174  224  249
  5
  43  222  246  270  487
  10
  5  31  68  93  217  333  355  388  442  463
  3
  203  213  463
  4
  131  138  150  353
  6
  135  156  421  452  473  493
  7
  124  180  269  279  309  328  334
  4
  59  150  242  418
  4
  24  70  195  300
  9
  60  88  126  135  136  230  265  301  492
  10
  23  48  87  142  143  220  244  316  350  480
  6
  53  143  154  261  409  457
  3
  119  241  298
  2
  108  190
  10
  80  136  150  261  298  353  388  399  466  477
  9
  73  86  132  162  301  363  387  432  471
  7
  27  236  250  285  349  392  425
  4
  55  459  461  496
  4
  24  112  123  271
  9
  20  37  43  171  242  258  304  438  496
  5
  120  188  213  295  317
  3
  414  441  500
  4
  146  191  199  459
  3
  102  151  166
  5
  3  334  351  369  488
  6
  24  225  242  248  326  406
  5
  54  68  227  286  365
  3
  106  424  495
  7
  98  152  154  231  282  394  431
  4
  149  372  435  465
  5
  31  50  117  126  288
  2
  352  399
  5
  56  273  410  434  470
  5
  6  148  207  346  402
  3
  56  114  236
  8
  1  118  207  257  271  352  441  471
  6
  148  231  317  365  440  489
  2
  282  308
  6
  206  234  259  335  377  455
  6
  108  228  339  406  481  491
  6
  22  84  115  315  336  357
  5
  71  99  168  371  391
  7
  89  113  289  297  338  344  464
  2
  4  342
  8
  1  125  247  255  311  402  404  486
  3
  221  231  424
  5
  17  222  327  367  400
  2
  66  360
  4
  49  170  182  486
  10
  85  94  170  260  266  329  335  352  386  430
  2
  363  418
  10
  47  87  142  153  239  309  388  439  484  489
  3
  61  91  427
  7
  34  117  129  187  202  203  295
  7
  80  121  192  226  309  354  489
  10
  18  50  138  161  195  217  235  352  369  432
  4
  23  243  296  466
  4
  147  172  203  465
  4
  10  115  191  305
  9
  31  82  88  102  151  285  315  324  480
  8
  148  163  197  226  282  291  411  497
  10
  29  267  268  272  287  301  324  472  487  491
  4
  292  338  372  443
  8
  59  82  106  118  340  417  444  459
  8
  4  115  138  218  223  366  421  444
  3
  26  198  371
  9
  9  11  52  98  149  330  347  426  439
  2
  314  387
  8
  43  87  104  230  345  411  450  489
  10
  59  91  165  179  217  237  241  412  422  481
  2
  57  101
  6
  95  180  372  409  437  471
  7
  100  175  193  250  298  433  436
  3
  22  233  476
  7
  55  112  129  259  276  281  410
  8
  88  177  278  353  370  397  406  493
  4
  78  251  359  401
  6
  54  164  208  252  308  315
  4
  23  248  255  381
  3
  12  401  447
  5
  26  309  350  467  494
  3
  40  58  155
  8
  28  131  150  170  242  268  351  464
  3
  318  439  450
  10
  108  109  113  157  202  213  410  425  471  485
  7
  23  63  68  116  164  185  277
  3
  45  182  424
  10
  16  22  159  172  236  287  415  436  467  495
  5
  122  193  248  403  451
  8
  72  107  181  185  230  256  385  432
  7
  54  276  303  338  418  479  489
  6
  173  226  293  316  465  482
  5
  24  141  164  208  424
  8
  2  70  93  127  175  219  417  452
  2
  201  428
  7
  51  132  135  144  148  417  428
  7
  7  55  66  380  436  485  489
  2
  70  327
  4
  24  312  472  490
  2
  293  343
  3
  13  46  321
  4
  123  207  321  433
  2
  85  255
  9
  100  119  123  277  289  348  420  448  463
  9
  2  158  233  252  274  312  323  352  373
  2
  214  489
  8
  17  48  182  210  235  325  363  467
  2
  90  287
  8
  3  80  115  191  213  339  357  479
  8
  125  134  174  209  220  242  268  466
  7
  9  240  278  292  409  415  474
  2
  58  414
  6
  111  125  165  180  254  403
  4
  50  123  235  272
  9
  60  105  132  264  273  319  331  386  477
  6
  31  96  157  247  264  283
  2
  403  440
  5
  256  365  404  438  457
  8
  26  102  151  188  349  377  389  466
  6
  45  135  342  472  477  498
  8
  31  91  126  184  253  258  315  407
  10
  91  123  156  157  171  184  422  456  474  481
  8
  111  114  246  281  340  349  368  424
  4
  247  347  401  447
  6
  44  113  208  255  384  416
  4
  53  226  314  449
  3
  67  130  263
  6
  22  187  200  266  302  394
  10
  10  35  38  85  119  182  264  486  490  495
  9
  25  207  228  289  355  402  407  430  451
  7
  69  207  309  324  364  421  479
  3
  74  193  326
  6
  125  293  331  386  402  497
  5
  35  156  209  224  481
  7
  24  147  262  318  368  395  498
  8
  20  34  50  179  287  327  389  412
  8
  3  139  240  250  298  327  344  385
  10
  127  167  202  241  264  288  330  349  366  500
  4
  73  207  338  420
  9
  9  32  102  158  160  184  266  276  301
  3
  97  384  386
  10
  36  43  65  77  86  181  210  216  220  249
  8
  127  148  150  165  328  354  431  448
  2
  3  104
  2
  270  298
  5
  35  158  238  245  418
  4
  167  228  264  445
  4
  40  70  353  460
  10
  14  22  63  114  160  187  268  389  397  459
  9
  46  56  152  153  225  281  421  434  439
  6
  13  16  34  170  185  269
  7
  109  277  388  393  445  455  488
  6
  87  100  334  361  385  438
  3
  101  219  340
  6
  59  165  205  460  483  486
  5
  24  179  367  458  464
  3
  96  263  498
  6
  86  107  182  309  335  429
  7
  50  187  271  298  321  365  437
  2
  334  421
  6
  24  29  139  416  448  472
  4
  172  211  329  344
  8
  18  21  104  213  234  373  467  475
  10
  28  82  136  159  165  186  188  368  404  433
  6
  17  126  150  272  351  490
  6
  19  169  221  314  321  338
  5
  134  220  321  352  399
  9
  73  96  97  335  338  339  387  432  468
  2
  279  497
  4
  116  206  324  434
  3
  1  318  337
  3
  64  478  486
  10
  32  61  192  195  204  246  291  357  382  465
  4
  293  343  372  427
  4
  68  73  289  499
  3
  256  365  373
  8
  91  207  224  240  285  327  412  473
  3
  28  391  447
  8
  142  180  277  288  292  397  432  451
  7
  13  15  183  275  301  428  478
  3
  57  110  149
  2
  237  368
  2
  52  59
  2
  11  191
  7
  61  119  125  171  172  202  452
  8
  25  104  108  207  267  410  460  470
  10
  21  37  102  132  143  334  394  406  417  450
  4
  127  172  347  403
  5
  169  171  199  222  369
  5
  65  184  306  417  484
  7
  4  205  251  256  291  384  462
  3
  315  389  468
  10
  1  42  48  51  122  202  277  290  483  485
  9
  60  72  78  99  150  228  239  259  418
  3
  71  225  274
  2
  287  358
  2
  195  301
  7
  125  157  161  307  343  382  388
  8
  11  112  224  343  351  372  424  465
  8
  80  126  179  225  238  303  396  432
  4
  218  274  289  437
  2
  220  331
  9
  64  67  97  129  173  189  292  376  495
  4
  193  252  348  395
  5
  126  181  217  265  496
  3
  16  87  116
  2
  104  426
  2
  292  342
  8
  63  91  168  170  330  363  365  470
  5
  117  138  286  349  381
  4
  29  53  89  120
  6
  162  165  237  263  309  313
  5
  112  183  219  258  487
  5
  10  71  247  250  343
  3
  93  143  448
  4
  4  130  237  378
  9
  47  84  218  280  365  387  418  438  447
  2
  438  467
  2
  316  487
  3
  133  346  469
  5
  101  254  320  323  487
  9
  78  105  132  210  216  389  421  459  481
  5
  283  366  383  390  477
  9
  226  227  342  369  372  424  461  473  499
  4
  151  170  299  374
  6
  157  189  368  386  406  407
  7
  194  256  287  299  390  398  403
  4
  81  167  181  261
  10
  107  138  151  174  282  334  381  411  437  441
  10
  51  55  59  106  115  125  133  241  327  398
  4
  81  282  428  435
  2
  153  211
  3
  55  254  467
  8
  16  141  195  251  279  362  363  475
  10
  40  104  164  277  289  315  318  336  341  476
  10
  34  37  40  111  221  236  300  343  391  472
  10
  11  50  69  79  145  236  333  353  374  433
  8
  141  183  186  223  240  320  362  477
  8
  50  143  196  204  325  362  410  492
  9
  122  224  235  270  283  302  310  334  443
  7
  11  114  184  196  227  288  375
  2
  18  59
  2
  353  402
  2
  205  342
  9
  150  178  276  293  311  321  331  344  433
  2
  271  349
  5
  10  325  354  368  453
  9
  17  94  99  108  300  334  395  423  472
  2
  27  324
  8
  114  117  269  276  376  405  447  487
  6
  21  65  171  188  194  206
  4
  303  327  353  379
  3
  46  481  495
  4
  54  188  221  248
  3
  115  130  269
  3
  88  310  468
  4
  122  170  183  377
  9
  62  85  86  201  311  340  343  385  437
  4
  40  234  346  483
  8
  99  141  206  292  349  417  476  497
  8
  8  70  76  123  289  290  294  380
  5
  99  218  268  315  472
  7
  86  108  111  137  148  377  425
  8
  42  117  151  366  382  416  430  480
  7
  132  180  191  208  228  419  428
  8
  28  109  174  244  246  314  464  466
  8
  47  75  146  405  416  418  461  490
  5
  144  158  334  398  408
  4
  37  104  406  411
  7
  39  67  166  237  285  335  337
  10
  10  108  136  142  207  210  211  268  309  461
  3
  32  140  444
  10
  54  79  91  110  121  182  251  346  353  459
  8
  58  67  178  193  311  345  371  494
  7
  52  120  205  270  305  378  493
  9
  96  124  125  152  172  222  267  348  388
  10
  67  161  181  190  225  245  246  324  383  396
  8
  1  86  129  217  236  358  364  432
  6
  4  75  137  290  348  385
  4
  13  98  118  254
  3
  299  307  422
  4
  28  119  133  305
  5
  60  82  103  324  333
  10
  45  121  245  307  363  381  383  392  417  485
  4
  114  240  339  354
  6
  93  157  298  397  423  436
  5
  2  28  152  168  263
  6
  65  150  232  294  408  412
  3
  129  147  266
  5
  59  154  254  354  401
  9
  41  45  69  131  238  287  302  330  395
  7
  58  102  146  214  303  374  400
  7
  11  76  79  118  140  355  366
  6
  168  207  320  343  383  414
  4
  236  316  325  490
  4
  29  105  217  292
  4
  339  344  391  471
  10
  151  164  169  175  224  277  293  333  334  468
  10
  38  112  144  256  311  325  355  476  481  497
  8
  41  156  159  196  207  287  403  414
  5
  239  300  412  428  460
  2
  104  492
  10
  21  58  63  157  237  247  284  302  374  469
  10
  17  87  163  217  291  293  346  347  410  464
  8
  12  53  101  124  251  293  323  386
  9
  94  279  281  351  360  439  471  489  500
  7
  45  212  234  238  241  272  372
  7
  70  85  105  256  360  451  482
  10
  28  55  187  243  254  304  313  450  472  483
  5
  41  142  304  335  470
  7
  67  196  217  264  268  313  421
  2
  27  180
  5
  4  144  266  390  485
  9
  35  226  258  296  321  375  387  401  418
  2
  45  335
  7
  4  207  221  244  345  453  464
  9
  127  157  165  220  339  419  422  436  496
  4
  265  357  425  485
  5
  46  126  327  404  497
  3
  119  221  305
  7
  27  48  86  235  270  321  409
  7
  41  158  211  225  338  379  407
  6
  10  100  155  206  441  477
  5
  68  123  180  243  310
  2
  73  195
  7
  67  228  243  244  260  306  429
  6
  34  123  264  416  443  483
  4
  9  41  282  420
  6
  7  72  111  116  121  344
  4
  50  301  435  461
  6
  1  152  226  240  424  441
  9
  38  52  106  115  134  323  383  386  438
  9
  37  47  92  193  333  337  363  430  433
  2
  25  255
  7
  8  93  145  284  300  306  460
  9
  119  129  191  238  239  290  322  355  411
  3
  61  131  472
  8
  58  83  143  243  280  320  341  382
  10
  83  127  137  142  234  274  349  357  368  369
  4
  121  324  457  477
  3
  282  436  451
  8
  74  101  134  189  343  399  414  424
  3
  116  126  407
  4
  57  238  295  417
  9
  46  56  153  183  269  378  381  448  470
  3
  278  427  431
  5
  50  109  135  219  252
  2
  229  353
  9
  5  31  99  161  195  246  278  313  436
  10
  2  30  71  104  110  140  280  373  404  441
  5
  33  43  188  202  381
  7
  18  87  111  174  270  296  332
  5
  177  191  319  343  345
  10
  45  69  110  155  179  351  358  402  433  498
  8
  29  142  143  323  335  415  430  445
  4
  7  315  353  492
  6
  89  224  375  384  416  469
  7
  5  29  53  85  214  215  365
  3
  45  263  431
  6
  41  248  282  365  403  445
  5
  72  198  377  417  432
  7
  64  308  326  339  375  378  470
  9
  83  136  155  239  317  352  380  403  468
  10
  2  91  162  188  193  248  251  373  440  497
  6
  110  171  262  281  388  394
  4
  58  203  224  452
  8
  64  99  179  188  230  352  370  410
  7
  117  158  204  220  235  358  416
  4
  209  288  413  464
  6
  61  119  239  364  437  447
  7
  15  112  143  261  355  383  476
  6
  120  178  195  285  302  440
  3
  144  191  228
  7
  154  267  289  376  399  424  429
  10
  10  30  174  208  258  328  363  454  472  487
  10
  33  84  137  198  201  220  250  285  427  490
  7
  249  305  315  353  402  427  486
  2
  2  131
  4
  346  351  404  437
  2
  194  291
  4
  21  59  246  286
  7
  55  103  126  355  393  428  448
  6
  119  316  346  359  364  408
  10
  142  159  175  243  327  356  360  442  444  459
  5
  197  253  385  411  442
  9
  23  106  112  135  208  250  284  339  373
  5
  13  90  151  161  195
  5
  93  148  209  402  473
  5
  61  79  83  194  375
  8
  92  101  114  213  289  296  439  485
  8
  6  37  65  170  250  292  368  376
  4
  49  105  380  432
  10
  1  73  107  204  266  390  405  420  457  466
  3
  151  415  474
  2
  65  165
  6
  19  35  138  167  328  345
  7
  42  189  398  414  428  434  499
  7
  3  191  267  376  409  473  487
  6
  26  63  140  192  390  441
  5
  135  154  336  454  459
  6
  57  64  354  361  381  500
  9
  9  34  164  244  262  283  338  427  478
  8
  12  13  56  64  74  178  325  393
  9
  10  38  52  89  92  277  322  430  463
  9
  211  244  276  311  337  369  401  446  497
  6
  37  224  235  356  381  409
  4
  268  349  416  418
  5
  176  202  363  391  409
  4
  41  179  257  338
  10
  90  124  147  195  222  225  348  458  468  489
  5
  42  66  291  473  482
  8
  8  48  138  151  194  218  373  421
  10
  17  26  58  162  165  181  196  293  330  414
  7
  210  256  278  299  369  381  413
  4
  141  201  342  494
  2
  216  461
  2
  100  323
  6
  11  73  370  382  463  497
  2
  289  457
  2
  455  470
  6
  115  223  251  266  356  472
  7
  106  208  218  243  253  307  408
  9
  84  234  284  354  399  433  447  470  497
  8
  26  30  81  350  375  389  395  457
  3
  82  201  316
  8
  120  132  156  205  262  311  327  336
  9
  104  115  148  182  354  359  421  454  489
  8
  114  196  197  388  398  437  453  455
  2
  162  442
  10
  35  37  85  124  227  236  300  421  432  473
  3
  44  398  434
  9
  48  132  163  181  216  250  313  350  423
  5
  25  258  277  305  485
  4
  151  214  222  320
  6
  63  213  220  300  417  491
  10
  120  167  227  241  320  328  329  388  409  477
  10
  22  56  86  112  201  223  301  318  382  458
  7
  76  168  176  251  297  298  313
  10
  66  117  127  153  232  276  364  431  470  500
  5
  132  136  155  322  479
  8
  2  12  106  230  334  382  396  452
  9
  75  120  230  243  420  429  459  475  483
  10
  42  103  152  179  228  233  242  263  444  456
  6
  30  121  314  414  481  482
  8
  17  129  178  214  216  378  451  500
  5
  42  81  144  160  178
  10
  35  56  103  105  130  199  317  395  411  471
  3
  9  24  80
  9
  24  58  160  196  219  229  268  333  369
  2
  247  373
  4
  18  168  304  462
  2
  281  384
  9
  11  135  147  174  186  253  257  397  452
  3
  199  253  473
  2
  151  461
  2
  106  365
  8
  48  50  118  272  327  348  369  402
  7
  8  27  62  186  207  260  327
  3
  131  162  191
  6
  151  160  292  331  427  429
  6
  60  154  233  353  434  451
  4
  119  150  224  491
  4
  30  117  198  363
  9
  13  19  37  205  210  217  311  381  449
  3
  67  100  453
  8
  80  84  119  253  293  346  382  393
  4
  105  160  273  423
  5
  90  121  223  286  415
  10
  133  184  216  230  231  232  288  361  415  443
  4
  149  159  384  413
  5
  67  263  293  437  451
  6
  13  23  41  360  415  417
  4
  57  173  243  366
  6
  42  84  108  179  377  424
  9
  36  37  58  113  141  365  401  479  499
  9
  20  163  188  192  253  296  297  355  472
  6
  68  100  124  220  403  459
  10
  31  74  249  258  317  326  330  375  418  468
  4
  33  37  84  477
  9
  78  233  275  305  348  401  424  428  499
  6
  111  183  286  376  451  460
  6
  80  97  156  276  387  489
  4
  40  226  356  457
  6
  35  164  210  280  452  487
  2
  109  273
  5
  47  54  343  349  437
  9
  65  75  232  300  351  382  385  416  463
  5
  8  97  137  210  426
  5
  35  244  324  332  462
  2
  113  395
  9
  21  80  82  107  119  243  274  292  340
  4
  123  266  427  472
  5
  48  131  337  341  356
  3
  22  57  274
  5
  42  228  252  315  464
  7
  13  32  52  153  241  276  489
  2
  377  383
  3
  1  177  482
  10
  7  74  94  111  135  156  296  333  368  493
  9
  24  54  277  278  405  443  453  484  494
  8
  7  136  215  292  348  382  385  436
  10
  66  80  82  84  154  324  339  372  445  477
  3
  246  318  441
  2
  259  425
  10
  63  92  118  120  169  292  298  430  467  486
  10
  48  121  229  235  272  294  438  442  467  476
  4
  105  258  363  417
  8
  59  95  294  340  361  462  477  480
  5
  1  45  50  292  493
  5
  54  97  229  323  329
  2
  369  427
  9
  130  209  227  234  273  373  380  455  464
  9
  46  57  190  192  273  291  318  329  347
  10
  31  64  203  248  284  304  380  407  476  481
  2
  189  231
  7
  43  57  172  211  221  236  374
  9
  65  120  146  201  243  302  419  428  492
  9
  18  41  56  113  114  278  287  423  460
  7
  26  46  108  171  220  229  340
  9
  103  130  150  270  318  356  400  427  441
  4
  167  201  231  339
  5
  115  195  210  299  427
  2
  287  445
  9
  32  40  65  177  190  206  392  475  494
  10
  49  79  80  107  167  194  220  245  285  329
  10
  39  161  186  193  210  222  237  337  445  459
  5
  196  335  368  442  484
  10
  101  113  124  250  255  298  309  313  428  478
  7
  17  62  72  78  303  373  482
  6
  30  226  300  332  456  489
  3
  177  286  424
  6
  48  152  169  175  185  443
  10
  22  114  281  312  370  386  390  407  430  493
  6
  26  119  229  248  250  366
  6
  5  53  77  127  313  372
  6
  35  98  204  211  298  382
  3
  3  97  324
  7
  80  151  187  234  235  431  438
  7
  96  109  138  158  171  295  369
  2
  9  486
  7
  60  89  134  139  234  262  446
  6
  5  7  172  188  260  369
  3
  333  381  410
  5
  3  114  252  254  325
  4
  30  72  139  288
  6
  140  193  225  229  426  441
  3
  18  184  479
  6
  86  129  246  251  332  339
  4
  372  379  487  489
  5
  55  171  277  418  432
  4
  58  120  173  184
  9
  142  320  329  335  357  365  399  446  456
  8
  269  289  335  350  355  401  406  486
  8
  111  188  278  324  332  375  450  500
  9
  105  204  219  237  295  307  427  440  464
  2
  486  490
  2
  25  100
  3
  14  126  142
  9
  65  130  132  173  186  201  204  247  472
  6
  82  116  145  163  230  335
  10
  61  95  131  238  295  323  426  449  462  500
  7
  95  150  222  249  355  379  425
  9
  32  143  154  228  244  268  397  442  496
  9
  103  115  149  185  260  301  326  384  431
  4
  74  114  251  435
  4
  96  213  316  376
  5
  43  187  299  328  380
  3
  83  287  293
  10
  25  65  66  191  257  304  343  348  374  433
  2
  79  198
  2
  42  115
  6
  2  38  41  190  235  241
  9
  55  96  107  199  226  279  341  410  487
  2
  62  389
  5
  108  238  280  285  348
  10
  8  25  27  54  73  127  258  322  356  469
  3
  120  195  240
  3
  68  126  378
  8
  23  26  42  78  158  247  358  366
  4
  13  114  232  278
  2
  243  412
  9
  43  151  197  240  252  273  402  428  488
  4
  38  50  431  437
  8
  22  50  92  117  185  204  307  439
  7
  198  243  326  351  398  432  479
  6
  60  135  314  365  375  432
  6
  33  92  136  165  392  494
  9
  8  13  55  84  299  362  474  489  499
  4
  28  249  292  383
  3
  33  158  357
  8
  75  79  125  151  176  244  371  430
  2
  332  436
  2
  276  304
  7
  86  124  131  289  320  325  433
  6
  108  164  205  215  240  326
  2
  160  452
  6
  72  82  202  249  316  489
  8
  40  83  91  104  125  142  304  490
  5
  111  270  313  339  342
  4
  283  398  429  474
  6
  71  274  331  470  483  485
  2
  40  391
  5
  152  193  232  343  422
  8
  13  24  59  169  176  197  424  499
  2
  81  191
  3
  166  255  328
  9
  48  72  126  277  349  391  417  421  430
  10
  16  24  122  179  271  305  341  344  423  448
  10
  4  22  105  109  159  252  362  403  410  476
  6
  176  219  225  292  338  400
  9
  137  138  149  168  242  244  274  322  344
  6
  132  135  294  324  435  463
  6
  27  145  210  289  334  349
  5
  15  240  323  426  488
  8
  74  131  139  196  232  240  250  403
  10
  61  106  118  136  186  210  223  289  296  484
  9
  103  124  139  143  333  345  351  395  487
  3
  8  88  249
  9
  23  214  225  235  298  325  365  417  431
  7
  6  42  49  68  181  248  415
  3
  69  386  406
  7
  64  99  188  365  390  435  472
  2
  132  212
  7
  54  74  93  125  168  179  453
  10
  65  93  160  216  247  309  343  348  428  486
  5
  221  315  337  427  489
  10
  90  108  109  133  206  222  393  423  468  480
  10
  8  16  40  90  138  185  192  244  356  412
  10
  3  23  85  111  199  278  362  369  434  481
  2
  250  428
  8
  29  110  156  228  307  336  369  378
  3
  34  86  218
  4
  170  172  214  434
  5
  54  95  103  260  384
  3
  45  213  437
  6
  285  342  345  399  406  479
  5
  70  194  403  421  444
  10
  22  31  129  212  254  302  322  356  431  474
  10
  53  77  182  284  291  370  382  386  436  464
  6
  11  195  206  364  402  411
  9
  43  106  229  241  327  334  435  472  477
  10
  9  53  58  100  195  200  272  281  347  372
  4
  54  118  282  497
  8
  19  100  114  163  222  244  270  285
  8
  37  132  136  137  204  249  264  394
  6
  14  25  123  177  345  412
  7
  82  212  222  225  274  278  427
  10
  15  82  147  200  239  260  296  331  334  489
  2
  111  353
  7
  23  80  110  156  183  377  500
  5
  77  182  286  301  332
  5
  129  383  411  413  482
  10
  33  74  202  246  347  360  388  394  446  458
  8
  105  198  231  345  346  388  430  456
  6
  23  52  66  246  359  394
  3
  18  61  344
  10
  82  111  283  294  330  454  458  464  480  488
  10
  49  96  103  127  333  341  365  381  412  430
  2
  17  297
  4
  26  67  167  462
  6
  10  48  97  261  280  485
  6
  3  75  360  399  423  440
  2
  24  282
  10
  26  132  180  197  254  272  300  313  337  409
  10
  13  37  65  103  129  152  324  334  349  467
  8
  27  69  206  210  290  335  409  483
  5
  76  119  306  400  463
  2
  222  470
  4
  66  266  291  416
  6
  132  145  154  264  316  425
  5
  190  326  338  376  433
  7
  60  250  296  308  331  384  434
  6
  85  138  170  181  358  442
  7
  30  193  317  372  388  485  494
  8
  57  111  134  148  221  280  461  462
  9
  114  129  201  207  393  415  419  434  490
  4
  100  160  199  336
  6
  57  191  192  280  288  314
  5
  98  342  375  385  424
  7
  36  114  273  305  334  377  441
  7
  14  78  108  312  324  341  351
  7
  32  90  91  128  333  397  491
  2
  226  446
  6
  4  5  72  98  174  204
  7
  20  32  41  91  146  285  335
  6
  10  122  347  400  451  469
  4
  31  70  398  500
  6
  3  44  57  246  294  490
  4
  67  134  421  428
  10
  20  63  124  241  302  303  417  425  455  471
  10
  37  46  98  197  253  348  362  423  456  492
  5
  57  95  260  287  312
  7
  69  107  150  325  404  439  450
  6
  69  156  273  320  333  410
  9
  17  19  172  251  304  318  325  380  445
  6
  82  179  213  250  423  467
  4
  42  103  108  219
  7
  75  163  206  335  346  427  480
  8
  50  110  159  250  254  364  394  445
  6
  13  73  113  116  366  442
  2
  199  309
  4
  153  164  167  290
  10
  42  53  56  69  85  136  219  259  353  462
  6
  29  150  154  185  344  371
  6
  54  116  210  315  439  452
  10
  18  88  129  197  201  218  288  304  374  388
  5
  71  168  214  300  310
  10
  83  90  110  131  152  204  299  363  467  494
  9
  177  178  208  237  240  323  326  424  443
  2
  9  262
  5
  123  139  239  296  331
  8
  7  23  126  253  313  332  370  421
  6
  6  147  365  369  376  486
  8
  14  40  64  128  146  254  322  427
  9
  81  126  194  237  311  402  407  410  454
  6
  60  322  433  448  471  486
  9
  14  45  59  257  267  337  356  412  490
  10
  31  97  98  184  210  211  234  310  394  437
  6
  11  62  93  110  137  442
  9
  15  16  28  213  321  365  372  403  488
  7
  175  221  281  343  344  346  439
  4
  18  182  192  326
  9
  33  53  80  90  187  217  230  311  491
  9
  83  111  177  254  282  344  346  362  419
  5
  108  162  364  413  415
  4
  12  243  284  286
  7
  124  131  160  213  221  469  473
  4
  153  162  382  458
  7
  47  110  162  173  206  261  266
  5
  105  160  368  406  429
  10
  17  111  146  149  193  269  344  385  394  426
  3
  30  283  410
  4
  11  296  329  337
  3
  161  303  347
  4
  7  311  393  442
  2
  19  237
  7
  30  93  135  294  317  332  412
  4
  39  79  201  389
  5
  45  74  83  348  439
  3
  263  282  328
  6
  59  86  114  327  350  492
  3
  90  183  258
  9
  36  38  195  220  234  296  418  485  488
  10
  87  115  147  258  296  306  358  375  400  465
  10
  35  145  201  227  303  352  443  446  458  477
  3
  21  115  194
  5
  60  290  366  377  478
  3
  135  343  344
  4
  90  162  331  407
  6
  29  219  238  280  295  404
  7
  66  197  357  385  402  420  487
  2
  326  339
  9
  4  96  116  189  209  229  290  346  420
  5
  4  29  33  315  471
  9
  8  12  167  239  293  355  371  429  498
  5
  244  315  318  364  432
  3
  322  374  460
  8
  10  30  72  97  110  281  349  419
  2
  296  377
  6
  208  257  274  337  415  434
  9
  53  104  178  195  210  303  380  452  453
  8
  6  61  72  298  342  375  473  486
  8
  84  130  246  250  334  345  404  424
  6
  94  162  194  346  429  490
  2
  450  496
  3
  63  319  416
  9
  97  172  302  329  356  407  423  444  476
  8
  32  61  154  236  256  399  405  480
  7
  6  84  216  229  240  333  460
  10
  20  21  26  170  193  286  302  310  339  404
  3
  166  303  325
  3
  148  316  444
  6
  118  128  212  364  372  411
  6
  23  120  273  338  379  425
  2
  17  249
  10
  53  193  226  313  339  351  373  383  448  500
  3
  138  195  203
  7
  60  279  321  384  412  468  488
  10
  17  78  103  132  143  174  350  365  388  452
  4
  77  171  241  417
  6
  6  29  50  107  421  461
  5
  238  306  416  419  420
  9
  79  83  127  204  310  376  426  431  451
  10
  89  105  151  163  170  279  354  364  375  445
  5
  13  74  257  290  341
  8
  66  92  224  248  304  410  451  493
  7
  40  75  109  116  136  275  474
  8
  1  19  44  130  221  233  269  451
  3
  1  28  276
  6
  14  16  117  235  271  345
  4
  179  218  448  455
  9
  53  65  138  152  183  324  326  445  494
  2
  451  489
  5
  76  100  185  193  368
  10
  28  54  142  194  216  241  311  325  345  453
  8
  41  47  149  175  189  271  376  467
  10
  27  201  231  245  254  329  351  396  404  484
  3
  85  133  176
  4
  40  82  104  313
  4
  14  96  125  202
  10
  34  90  99  128  174  214  225  367  395  468
  5
  14  30  144  150  341
  3
  71  300  355
  5
  94  253  393  455  471
  7
  140  214  236  262  315  403  441
  5
  64  164  345  384  489
  8
  20  44  168  175  294  334  359  455
  2
  198  226
  7
  115  175  195  220  396  420  437
  9
  11  186  227  240  249  365  383  473  496
  6
  6  7  133  214  251  287
  3
  5  41  136
  8
  16  27  67  178  202  284  289  290
  2
  34  318
  10
  85  96  136  196  222  292  343  347  377  458
  7
  185  196  210  231  282  394  449
  10
  12  118  279  282  341  364  444  454  493  498
  5
  5  33  44  417  463
  10
  71  122  133  159  172  186  281  297  385  420
  9
  33  79  142  320  372  441  462  468  495
  2
  334  368
  9
  3  65  74  185  269  287  302  309  385
  10
  47  99  116  150  186  240  318  340  348  448
  9
  156  175  350  424  437  458  464  486  499
  2
  72  151
  5
  26  152  221  225  264
  6
  102  232  318  378  426  481
  9
  48  67  69  152  271  308  363  439  451
  8
  91  167  175  188  382  395  421  446
  5
  405  407  437  450  468
  8
  17  24  100  143  275  344  393  435
  3
  16  35  145
  10
  9  92  119  194  257  260  396  417  497  499
  3
  170  271  329
  2
  86  87
  3
  256  275  391
  10
  53  138  163  175  189  222  227  428  460  480
  5
  88  99  155  188  368
  5
  9  150  223  237  437
  6
  5  89  291  328  433  445
  7
  36  78  110  320  364  418  436
  4
  20  213  399  460
  4
  63  108  453  486
  7
  222  249  356  403  420  455  493
  10
  14  100  137  146  173  253  285  324  452  454
  9
  40  46  90  239  302  304  402  403  442
  8
  25  75  152  196  228  372  405  433
  7
  100  121  131  210  259  273  428
  10
  63  67  93  143  199  206  262  281  322  399
  5
  36  265  351  365  439
  8
  9  70  83  150  207  272  339  452
  5
  58  173  199  257  403
  3
  54  132  274
  2
  18  121
  4
  43  170  425  448
  5
  128  232  282  399  488
  4
  137  210  324  471
  10
  158  174  183  215  248  279  398  446  471  487
  6
  10  65  285  336  465  470
  3
  73  105  160
  7
  109  148  276  344  359  388  488
  8
  60  114  134  145  166  202  271  446
  9
  60  82  83  95  177  336  344  367  386
  4
  117  197  265  483
  7
  80  180  188  241  242  259  296
  8
  1  11  61  146  325  396  403  469
  8
  16  122  198  256  281  411  418  447
  4
  312  360  362  435
  7
  113  187  262  313  464  492  493
  3
  60  206  291
  7
  235  249  284  295  347  439  495
  2
  187  204
  10
  52  90  95  134  232  238  275  412  455  479
  6
  122  163  364  372  384  385
  2
  213  472
  9
  28  124  126  171  190  310  321  328  398
  4
  116  150  377  440
  6
  69  313  346  366  414  490
  8
  159  177  224  243  247  310  430  470
  6
  75  88  201  263  445  463
  2
  8  199
  7
  23  27  153  289  422  470  476
  4
  44  94  147  266
  10
  7  11  104  159  190  197  234  238  377  493
  8
  20  100  144  219  238  268  430  488
  2
  63  397
  10
  38  58  118  140  218  268  287  301  373  408
  2
  290  431
  4
  121  272  328  426
  9
  22  58  181  189  273  333  355  434  446
  3
  133  184  255
  6
  14  61  275  319  479  489
  5
  226  325  360  469  489
  7
  151  273  310  331  341  367  395
  9
  96  169  191  233  279  381  384  386  431
  8
  27  95  147  190  205  344  406  467
  4
  105  146  154  398
  3
  31  123  274
  6
  77  130  177  325  425  495
  8
  7  71  74  139  263  280  374  463
  4
  262  278  303  444
  9
  4  107  191  227  277  289  336  414  485
  4
  47  62  334  376
  5
  247  337  382  445  485
  8
  93  145  181  325  374  410  462  495
  9
  29  35  43  120  161  198  353  375  451
  6
  16  45  253  315  439  496
  9
  30  144  148  228  286  360  381  386  425
  8
  83  110  201  204  341  347  350  365
  4
  2  104  195  402
  6
  3  182  217  225  302  420
  9
  24  56  79  183  210  360  370  427  463
  8
  52  176  266  295  398  452  453  472
  3
  122  255  437
  5
  69  81  291  328  423
  7
  68  87  90  132  270  376  427
  2
  7  70
  9
  136  229  262  325  336  369  438  443  475
  6
  129  132  153  169  207  318
  3
  121  247  272
  5
  65  123  198  427  487
  5
  50  87  196  261  477
  10
  7  38  67  180  235  236  238  266  270  324
  4
  114  292  373  493
  3
  12  399  424
  10
  20  103  143  146  216  235  249  347  364  396
  9
  57  59  66  76  86  156  169  366  475
  10
  131  134  160  201  208  250  264  267  314  464
  3
  26  166  431
  9
  111  179  223  233  277  426  441  466  483
  3
  234  478  494
  7
  43  142  147  209  340  344  396
  2
  128  153
  10
  41  103  199  251  263  286  292  329  365  480
  5
  83  110  135  257  437
  2
  325  359
  3
  19  75  443
  9
  148  269  294  306  318  346  358  412  466
  5
  32  118  197  308  471
  3
  33  66  268
  3
  65  187  324
  2
  334  349
  2
  274  410
  3
  381  478  480
  10
  68  98  171  238  240  270  271  415  418  495
  5
  113  144  162  222  398
  4
  91  223  385  483
  9
  19  60  176  178  246  258  307  341  401
  2
  229  264
  3
  90  124  230
  10
  15  95  149  185  194  232  323  379  414  488
  4
  31  207  337  446
  10
  23  151  156  183  198  275  364  371  382  472
  8
  28  47  49  103  189  199  431  432
  6
  122  149  288  294  379  400
  5
  160  438  446  450  458
  6
  25  194  204  253  283  301
  2
  180  490
  4
  70  120  167  305
  10
  4  10  26  32  119  187  302  380  418  440
  4
  77  172  267  277
  7
  16  122  201  210  213  356  376
  3
  153  232  373
  7
  26  102  104  242  347  358  393
  7
  142  190  284  320  387  412  416
  2
  136  318
  10
  16  20  153  165  187  296  328  331  376  456
  6
  50  181  210  226  369  442
  3
  236  257  376
  9
  26  41  43  120  126  162  283  291  344
  4
  92  224  259  466
  5
  3  252  280  331  466
  8
  2  38  98  227  316  335  413  499
  3
  209  294  410
  7
  20  114  132  309  428  442  468
  8
  24  68  76  80  111  253  480  489
  9
  5  141  178  231  257  338  359  432  436
  4
  49  169  379  391
  6
  12  70  208  245  436  494
  8
  33  36  137  165  194  211  319  345
  3
  7  66  227
  7
  18  27  51  244  253  256  418
  10
  7  129  156  215  243  269  292  315  390  469
  2
  268  430
  2
  354  498
  8
  95  98  121  256  262  348  454  472
  7
  15  33  37  129  230  435  457
  3
  6  56  371
  9
  7  184  220  245  269  331  355  368  494
  6
  4  74  139  224  257  349
  4
  269  280  281  487
  10
  5  43  56  63  87  129  217  221  337  367
  9
  68  152  189  198  224  236  315  393  395
  9
  31  125  146  154  244  300  338  452  453
  10
  28  150  180  228  248  283  309  314  321  442
  8
  6  17  43  109  117  154  193  453
  2
  312  443
  6
  36  196  355  358  395  412
  9
  11  30  52  71  95  103  181  210  364
  2
  64  118
  6
  38  87  223  264  337  367
  7
  70  121  200  256  366  429  482
  2
  9  392
  7
  9  64  160  388  423  463  471
  6
  55  61  111  393  438  446
  7
  96  106  151  233  241  261  402
  9
  68  79  195  203  205  230  310  340  422
  8
  1  222  249  330  333  366  407  426
  10
  35  140  146  210  255  322  364  376  425  438
  9
  94  101  146  158  261  307  342  461  489
  5
  158  199  313  462  500
  4
  303  327  449  476
  4
  106  164  285  482
  5
  27  104  239  310  418
  3
  150  295  399
  8
  71  138  184  220  293  301  325  329
  8
  21  205  221  236  360  376  385  430
  2
  72  291
  2
  101  431
  3
  214  422  425
  5
  15  30  32  331  462
  6
  96  100  225  226  281  458
  3
  132  314  475
  9
  34  40  61  126  203  291  351  355  385
  2
  74  336
  6
  164  182  198  345  411  423
  9
  98  244  251  268  308  315  428  494  498
  6
  84  211  218  230  283  389
  10
  9  18  62  118  130  289  291  293  322  416
  6
  23  27  46  237  444  483
  9
  12  38  61  103  248  389  396  497  500
  8
  146  241  301  336  378  406  454  467
  6
  40  197  353  425  476  497
  9
  20  92  98  115  175  190  272  398  425
  6
  49  95  291  389  427  444
  6
  18  106  257  329  353  491
  2
  261  295
  10
  40  41  123  262  272  310  384  423  437  480
  10
  13  28  188  239  242  273  286  416  461  484
  5
  21  147  204  362  407
  4
  134  208  282  284
  8
  20  85  148  282  364  389  433  457
  8
  210  261  263  332  337  376  414  483
  7
  132  358  386  410  420  424  479
  10
  63  117  166  167  186  201  239  253  275  441
  8
  32  40  51  99  182  249  295  420
  2
  231  366
  6
  34  85  137  300  318  328
  4
  50  316  393  484
  8
  88  131  159  177  227  318  399  439
  5
  99  129  215  421  481
  9
  93  193  203  261  296  321  393  452  487
  3
  261  283  438
  10
  35  46  198  244  340  356  367  370  371  378
  10
  29  94  99  105  206  207  233  234  279  478
  10
  63  65  86  88  174  186  222  404  419  427
  3
  229  283  407
  5
  21  68  201  384  447
  2
  49  198
  9
  2  29  82  257  316  377  418  429  499
  10
  74  95  218  294  346  374  474  489  494  500
  5
  51  131  222  275  399
  8
  34  88  99  299  303  340  357  411
  9
  167  180  311  313  347  401  456  457  467
  3
  61  123  346
  9
  82  95  124  245  301  308  392  433  489
  7
  2  29  40  52  130  199  457
  5
  84  153  250  325  395
  2
  138  214
  6
  13  173  203  241  399  450
  6
  67  82  84  194  280  433
  9
  36  43  65  114  174  196  213  338  402
  7
  180  206  220  281  360  371  493
  8
  5  193  222  228  233  249  284  490
  9
  54  68  104  157  204  343  397  412  446
  9
  40  113  140  150  181  226  292  324  406
  8
  21  165  256  325  386  423  434  492
  6
  112  386  425  427  452  464
  6
  135  197  278  304  460  492
  4
  223  242  366  403
  6
  155  223  372  397  427  441
  9
  91  121  193  195  202  365  379  383  402
  2
  12  497
  6
  18  96  235  239  428  482
  10
  21  108  144  154  156  305  357  413  440  443
  9
  3  16  34  175  242  246  266  384  472
  3
  209  306  485
  2
  147  293
  4
  49  209  243  356
  8
  48  171  199  241  280  367  369  469
  10
  35  64  100  121  227  267  344  392  424  485
  8
  77  108  152  156  260  280  338  387
  9
  60  140  177  277  294  319  355  414  455
  9
  83  84  147  206  261  283  313  347  466
  4
  23  193  197  292
  6
  89  108  143  390  455  480
  2
  309  483
  3
  22  210  251
  3
  112  170  282
  3
  56  405  420
  4
  159  356  406  410
  3
  122  197  392
  8
  215  224  225  262  282  333  401  404
  2
  47  117
  10
  22  100  110  143  144  200  247  316  335  380
  7
  27  167  208  251  302  347  374
  6
  66  106  144  210  349  494
  5
  110  283  317  366  460
  9
  142  279  306  311  316  320  414  424  472
  7
  18  84  172  250  288  441  490
  8
  46  100  119  186  221  289  331  344
  6
  196  260  342  395  439  489
  8
  51  167  238  241  242  252  289  351
  4
  15  84  129  333
  2
  351  376
  3
  202  291  369
  3
  72  303  404
  10
  43  75  121  147  297  317  365  388  406  488
  6
  41  141  144  229  347  418
  10
  42  134  253  431  432  439  446  474  488  492
  4
  100  369  422  464
  10
  9  133  253  271  283  289  292  351  356  372
  7
  50  109  260  289  352  372  485
  2
  3  72
  5
  14  33  203  350  489
  5
  43  46  85  168  429
  8
  34  135  204  220  221  241  412  419
  9
  173  235  329  364  383  390  396  409  461
  3
  31  74  453
  2
  22  379
  8
  23  80  82  123  256  392  437  497
  7
  39  124  145  150  182  328  340
  4
  174  233  335  448
  10
  48  61  263  265  286  339  350  364  369  492
  9
  34  44  149  214  273  318  464  466  484
  5
  11  250  304  436  442
  6
  28  64  259  325  362  409
  4
  14  371  393  416
  2
  97  188
  6
  96  174  237  306  444  454
  10
  19  51  131  149  210  212  385  429  441  475
  9
  37  96  148  151  171  243  370  405  492
  6
  25  72  156  180  193  205
  7
  58  84  144  203  228  457  458
  7
  205  263  311  370  402  420  497
  10
  9  15  22  34  145  146  161  190  319  340
  8
  157  164  190  254  371  377  406  446
  8
  178  235  248  269  276  303  423  473
  9
  64  65  137  156  218  261  303  386  478
  9
  17  139  205  246  328  395  402  430  478
  10
  45  52  106  192  287  322  364  409  441  446
  10
  98  128  157  217  229  257  273  374  416  418
  8
  17  30  102  106  184  349  376  455
  10
  52  53  125  153  168  203  223  238  398  483
  10
  6  9  24  126  168  244  297  332  418  447
  5
  67  156  319  354  488
  9
  127  135  159  189  217  317  415  433  436
  2
  220  290
  10
  45  58  111  188  214  246  302  406  446  497
  4
  23  24  146  229
  2
  156  166
  9
  13  35  83  104  257  260  344  405  420
  10
  7  44  45  86  119  198  236  287  321  354
  9
  17  43  79  117  252  401  402  441  493
  2
  27  493
  2
  197  341
  5
  88  147  372  387  436
  4
  91  194  236  397
  9
  1  47  184  231  253  255  297  377  458
  4
  88  117  161  288
  2
  90  201
  3
  24  451  467
  7
  81  92  142  160  253  276  494
  7
  28  236  249  372  396  401  424
  6
  203  210  256  345  370  396
  10
  7  39  48  132  164  199  287  345  387  462
  4
  61  139  458  495
  5
  47  169  261  331  432
  3
  61  125  256
  7
  173  208  323  377  415  436  493
  4
  81  274  359  454
  9
  110  200  271  278  320  397  435  455  475
  3
  110  139  348
  9
  9  26  80  81  230  280  330  337  482
  3
  98  256  315
  10
  113  154  177  200  257  261  337  355  390  415
  6
  76  179  180  329  392  426
  3
  119  338  388
  8
  14  26  114  216  260  298  418  446
  3
  211  238  466
  6
  21  59  84  125  206  337
  5
  147  256  275  284  309
  3
  288  325  389
  4
  255  268  348  395
  5
  48  76  81  227  244
  6
  52  55  153  268  319  408
  3
  227  342  351
  9
  29  52  83  174  232  313  481  493  496
  2
  69  328
  8
  132  138  146  259  272  276  365  455
  6
  1  60  75  272  347  458
  2
  323  498
  3
  65  343  381
  10
  26  57  70  84  137  159  317  352  380  487
  6
  92  110  249  286  343  435
  5
  93  244  263  275  290
  6
  1  214  268  446  450  459
  10
  18  57  75  147  280  282  348  407  443  479
  4
  24  60  247  283
  10
  26  78  95  109  110  176  181  376  427  484
  4
  4  287  428  430
  9
  67  78  96  148  204  232  411  475  481
  9
  27  28  137  174  234  240  242  303  414
  7
  81  93  113  223  315  398  427
  9
  82  89  117  120  156  203  231  397  449
  3
  136  218  315
  7
  62  148  179  258  326  410  416
  9
  61  90  92  339  377  410  470  484  492
  7
  70  184  356  372  403  432  466
  7
  4  170  180  241  274  368  397
  5
  108  135  435  451  472
  8
  161  173  243  265  337  381  416  430
  6
  63  103  151  255  267  375
  8
  8  122  233  299  300  416  437  482
  7
  25  38  245  246  264  311  323
  2
  367  455
  3
  63  142  423
  7
  55  243  262  351  393  432  434
  5
  60  231  239  469  470
  2
  117  210
  9
  46  72  84  199  282  387  443  462  474
  4
  45  58  226  409
  3
  279  280  438
  9
  176  312  336  351  396  401  455  484  499
  6
  19  213  296  334  429  435
  5
  48  90  173  291  470
  4
  82  266  339  398
  8
  81  89  100  234  244  262  293  452
  10
  61  97  119  243  252  263  289  329  353  371
  6
  6  17  46  239  365  412
  7
  298  323  331  364  374  423  465
  5
  111  149  154  290  312
  9
  48  100  122  318  331  377  382  406  452
  4
  294  346  432  438
  4
  96  225  233  325
  2
  183  254
  8
  31  78  202  280  289  394  441  483
  5
  57  77  195  285  350
  10
  9  132  141  263  282  307  317  347  361  431
  3
  48  204  443
  4
  114  117  167  213
  2
  7  398
  7
  15  30  184  276  277  321  326
  4
  90  139  289  410
  2
  324  444
  9
  30  48  130  155  178  230  338  435  471
  3
  49  79  120
  8
  75  112  142  373  402  431  445  497
  9
  22  53  120  162  185  194  317  399  415
  7
  105  123  126  143  290  299  483
  8
  34  73  84  117  188  317  430  467
  9
  9  18  98  128  183  187  222  289  433
  3
  205  383  387
  4
  87  162  381  485
  7
  85  251  310  320  379  391  465
  8
  29  58  116  265  334  342  345  476
  8
  93  103  133  309  328  377  444  498
  4
  47  69  447  471
  5
  121  199  209  230  317
  6
  40  58  69  102  197  361
  8
  17  108  164  168  303  332  419  433
  4
  28  162  195  246
  3
  145  298  479
  10
  44  61  62  74  132  161  184  200  307  377
  10
  3  44  117  128  200  297  299  327  346  412
  5
  32  48  59  211  322
  7
  2  14  374  391  392  443  466
  6
  5  9  282  387  463  482
  2
  146  334
  6
  111  182  188  219  359  375
  9
  36  41  139  163  196  242  388  429  496
  7
  72  121  134  216  295  324  472
  8
  6  42  68  109  206  408  429  430
  3
  97  278  461
  8
  57  193  203  294  317  387  400  479
  8
  173  192  230  290  300  309  376  468
  4
  195  218  382  439
  4
  202  244  294  363
  9
  131  193  288  335  365  429  431  474  499
  7
  38  89  105  147  169  347  360
  6
  144  164  330  360  396  421
  10
  5  45  75  124  316  335  354  378  457  488
  2
  278  412
  7
  72  310  339  367  419  497  500
  10
  2  13  84  255  271  338  347  371  425  463
  9
  78  130  142  143  192  205  273  290  404
  9
  41  143  158  298  310  374  380  444  457
  7
  38  39  102  130  289  338  353
  10
  27  70  276  308  331  334  355  443  474  482
  2
  91  116
  3
  175  279  341
  10
  37  67  80  157  170  225  256  258  285  454
  10
  38  101  128  191  289  309  392  400  437  477
  6
  114  171  359  396  437  441
  6
  30  223  320  359  453  461
  9
  19  217  257  290  325  369  481  483  497
  5
  197  257  342  358  464
  2
  87  333
  2
  199  371
  7
  39  63  88  89  122  142  453
  10
  68  117  159  177  283  335  350  391  459  466
  2
  122  209
  3
  133  149  214
  2
  213  302
  4
  17  436  467  473
  10
  51  66  84  181  232  286  371  407  435  479
  4
  146  224  366  496
  7
  11  80  166  197  228  454  458
  8
  28  81  253  260  298  385  452  459
  4
  16  151  182  205
  4
  12  357  386  453
  3
  287  297  440
  2
  83  408
  4
  92  110  316  368
  9
  26  83  92  194  238  265  461  482  485
  10
  72  95  142  168  175  222  366  373  457  459
  5
  64  103  190  300  355
  7
  200  250  281  298  369  394  445
  4
  215  376  425  444
  9
  51  52  82  87  95  179  202  336  407
  4
  27  255  388  405
  4
  50  135  147  338
  10
  9  16  35  139  241  265  280  324  401  462
  5
  45  139  154  324  370
  10
  26  28  94  119  251  260  374  422  446  459
  3
  147  170  179
  7
  8  17  71  346  422  433  441
  5
  35  271  358  389  398
  7
  9  95  210  219  372  390  431
  9
  155  156  162  174  219  239  306  323  362
  8
  66  141  249  312  364  389  414  467
  10
  15  31  235  250  252  338  347  433  481  491
  3
  123  208  305
  4
  151  201  255  268
  7
  87  169  209  272  299  341  453
  10
  73  109  144  199  231  267  270  316  373  449
  8
  29  142  249  258  261  282  392  441
  2
  217  426
  3
  19  166  227
  9
  94  183  197  208  226  293  335  421  443
  3
  201  334  360
  9
  31  95  134  148  252  406  413  445  463
  9
  17  79  168  185  249  354  355  359  497
  4
  155  261  301  353
  8
  139  146  193  319  384  417  448  481
  4
  67  244  394  489
  9
  106  124  217  248  337  407  454  483  487
  2
  65  197
  10
  22  53  65  75  110  117  196  227  246  460
  2
  175  287
  2
  87  454
  5
  42  175  275  283  299
  10
  74  76  133  141  175  187  233  253  315  354
  10
  26  60  89  166  210  241  341  407  431  439
  9
  22  187  199  225  273  314  413  440  480
  8
  81  168  178  294  297  339  449  472
  7
  33  110  132  242  340  433  466
  8
  29  34  57  143  160  184  304  440
  2
  167  339
  3
  40  236  342
  5
  33  227  230  361  371
  3
  267  385  461
  6
  33  81  261  266  399  426
  4
  120  296  338  429
  5
  67  211  224  369  379
  4
  14  56  427  496
  8
  1  30  246  308  336  343  357  367
  6
  139  196  198  281  381  426
  10
  68  110  140  169  206  274  320  327  365  475
  8
  5  73  213  216  243  289  339  452
  5
  70  106  155  456  482
  8
  50  52  121  141  184  301  421  436
  5
  154  200  271  355  459
  5
  237  281  331  334  428
  4
  14  338  404  460
  7
  8  146  210  219  274  302  471
  3
  190  231  487
  7
  51  61  246  303  347  420  489
  3
  23  45  482
  4
  17  251  294  318
  3
  211  243  281
  2
  61  491
  5
  21  74  372  402  453
  8
  103  145  242  339  401  439  450  491
  3
  41  215  451
  8
  29  30  188  227  246  277  287  352
  7
  14  113  278  297  416  444  476
  3
  42  105  152
  8
  51  137  175  187  192  207  237  496
  3
  176  213  492
  10
  14  23  59  77  107  115  224  270  365  407
  6
  103  120  151  171  341  473
  8
  5  145  152  171  240  361  428  439
  2
  81  466
  5
  15  89  91  373  485
  10
  34  43  57  161  180  218  224  324  378  414
  9
  52  76  104  195  277  360  420  432  476
  7
  102  170  236  286  369  468  489
  6
  43  118  166  273  444  448
  10
  70  88  131  132  244  258  301  344  394  418
  9
  17  36  62  85  317  388  399  426  491
  4
  88  113  133  472
  8
  22  73  112  186  238  279  372  401
  7
  1  147  176  230  296  388  451
  6
  134  222  388  431  441  490
  2
  205  233
  3
  57  264  497
  7
  140  164  229  253  264  408  454
  8
  57  133  166  342  362  419  430  445
  5
  136  180  202  348  480
  9
  4  32  121  232  242  286  329  350  389
  10
  121  129  145  157  189  205  331  335  412  428
  2
  445  468
  7
  7  41  66  72  131  269  309
  7
  96  149  220  235  246  485  493
  2
  327  463
  3
  102  188  305
  5
  22  237  244  258  442
  3
  185  250  275
  7
  2  45  67  75  101  394  409
  8
  6  83  125  174  276  292  307  418
  5
  26  68  248  362  459
  3
  99  177  201
  9
  38  208  236  240  256  363  416  417  481
  7
  5  101  110  340  350  478  499
  8
  3  7  103  107  244  278  287  355
  3
  153  329  476
  10
  49  50  52  116  180  190  223  227  403  496
  5
  115  201  207  434  492
  9
  24  56  126  178  193  337  424  443  491
  7
  38  64  143  174  342  402  455
  8
  4  231  242  281  290  300  411  432
  4
  262  327  408  490
  4
  37  264  358  456
  5
  177  292  331  464  480
  10
  14  33  84  155  248  250  359  407  424  436
  3
  10  101  474
  9
  57  68  74  142  161  206  426  465  469
  6
  12  62  98  113  380  488
  10
  49  50  175  188  223  234  238  284  399  440
  9
  16  46  67  132  147  172  251  253  355
  8
  13  28  148  188  263  358  412  452
  10
  58  92  120  185  237  250  283  321  350  405
  2
  98  429
  6
  108  189  226  278  404  432
  10
  8  32  137  150  305  371  410  444  468  494
  5
  26  211  230  258  387
  4
  1  154  308  434
  8
  36  130  219  289  291  379  380  452
  4
  132  200  394  397
  5
  177  196  230  383  428
  8
  8  43  93  162  394  409  477  494
  8
  15  34  194  289  302  363  387  439
  2
  253  297
  9
  58  126  196  254  316  325  365  411  467
  7
  27  229  266  289  367  431  480
  8
  82  87  121  170  245  337  380  491
  2
  41  397
  5
  52  85  182  238  310
  10
  37  40  72  140  141  182  208  249  451  496
  2
  230  346
  2
  139  315
  6
  87  141  154  173  235  303
  7
  108  151  168  311  319  340  474
  10
  37  72  76  104  170  215  221  395  407  425
  9
  1  5  225  318  363  371  385  408  419
  5
  250  288  316  493  499
  3
  23  47  109
  6
  45  229  234  259  263  449
  3
  47  294  442
  4
  11  20  277  448
  9
  276  303  325  334  356  360  382  438  483
  3
  94  316  393
  8
  28  56  66  71  237  265  303  365
  9
  4  155  165  216  232  287  351  377  455
  6
  117  134  182  245  366  466
  7
  56  75  123  157  349  384  432
  2
  54  142
  3
  363  472  482
  4
  121  205  270  346
  4
  33  131  267  422
  5
  27  219  268  347  378
  3
  154  157  377
  7
  35  112  260  286  356  388  429
  8
  93  113  154  207  224  258  269  271
  7
  156  189  247  278  309  317  329
  10
  10  192  248  317  330  370  387  430  453  493
  4
  27  227  258  326
  5
  67  179  188  321  470
  7
  103  140  190  238  342  397  456
  5
  20  235  407  439  467
  9
  7  54  92  96  147  233  271  281  482
  2
  95  343
  2
  177  267
  5
  93  94  197  327  328
  3
  163  211  360
  5
  16  59  167  231  337
  2
  86  238
  8
  10  104  162  234  353  364  416  433
  3
  51  176  420
  10
  3  104  116  216  246  260  297  330  331  468
  3
  56  263  350
  8
  96  151  160  193  248  398  425  483
  7
  60  193  343  408  411  446  449
  10
  47  56  81  107  193  228  249  276  413  444
  3
  146  291  352
  10
  16  35  193  232  246  270  323  391  397  477
  8
  16  20  97  175  281  299  401  442
  6
  22  86  102  116  326  372
  7
  10  209  250  302  308  324  328
  2
  134  376
  4
  1  282  360  432
  6
  2  25  165  183  220  233
  9
  19  44  83  124  146  223  392  448  485
  6
  11  302  322  328  332  345
  4
  80  141  213  375
  10
  152  159  221  227  233  245  252  321  373  404
  6
  8  15  46  340  362  454
  8
  71  91  100  107  128  208  423  473
  9
  2  84  194  248  277  347  357  414  477
  10
  141  164  172  173  279  329  358  385  437  458
  6
  41  75  150  263  358  407
  5
  82  95  180  346  492
  7
  1  145  183  253  276  309  406
  4
  118  132  146  495
  2
  300  350
  4
  88  193  209  267
  8
  7  39  137  230  304  353  376  458
  2
  6  237
  2
  205  275
  8
  46  81  104  256  258  290  347  457
  8
  12  67  103  133  176  216  270  463
  7
  175  220  272  310  311  352  378
  4
  130  293  441  475
  10
  113  128  195  223  280  331  379  425  439  472
  3
  36  258  308
  4
  105  173  258  490
  8
  51  146  152  178  298  320  398  488
  8
  90  192  263  264  348  366  411  477
  3
  101  105  342
  4
  101  128  409  445
  2
  253  281
  4
  6  46  113  499
  5
  139  157  233  348  366
  7
  44  112  195  228  363  386  499
  9
  27  34  122  252  290  366  460  474  489
  9
  24  34  67  81  233  240  261  285  462
  10
  34  144  146  202  207  213  428  451  452  481
  4
  133  138  332  367
  6
  89  108  153  247  261  293
  8
  13  96  118  143  176  178  372  446
  4
  110  144  456  492
  8
  17  51  66  151  190  224  403  485
  2
  3  97
  6
  13  69  108  301  311  361
  2
  163  495
  6
  112  217  310  420  432  462
  6
  81  272  287  414  467  490
  8
  5  59  97  158  212  274  285  397
  6
  24  147  317  335  355  443
  6
  125  162  269  307  386  387
  6
  105  218  314  359  463  496
  5
  26  217  292  419  492
  7
  1  12  78  279  330  346  473
  3
  207  253  364
  4
  38  207  248  449
  2
  218  329
  9
  65  113  137  151  156  241  247  327  443
  5
  221  285  320  436  467
  10
  32  173  174  176  221  241  292  349  362  364
  9
  34  39  60  174  230  294  343  444  454
  8
  209  229  252  257  267  361  388  452
  4
  102  292  356  383
  9
  250  268  287  324  355  358  434  454  463
  7
  27  158  176  263  300  330  392
  9
  86  131  202  250  269  310  367  413  471
  8
  16  124  153  205  343  345  400  429
  10
  15  24  37  40  126  150  181  209  267  449
  2
  82  144
  4
  147  163  208  268
  8
  115  167  236  273  280  299  374  464
  4
  85  92  372  395
  5
  73  278  285  326  440
  10
  16  110  197  201  225  327  354  413  480  500
  3
  161  319  468
  10
  2  9  104  250  323  332  355  388  394  446
  2
  79  414
  2
  184  301
  7
  76  160  256  268  289  290  424
  8
  53  130  169  204  259  264  397  432
  10
  31  43  119  193  220  229  305  376  412  448
  9
  109  177  187  225  297  324  362  373  441
  4
  104  194  228  352
  3
  16  20  40
  10
  16  49  70  241  243  288  430  444  488  499
  7
  46  162  193  218  345  474  482
  7
  200  262  314  329  349  404  483
  10
  46  94  140  151  160  318  321  370  428  480
  6
  1  46  108  275  423  427
  7
  49  79  108  118  173  497  499
  7
  141  201  235  240  341  368  411
  6
  105  118  135  276  410  462
  9
  27  34  99  137  189  288  333  347  499
  8
  26  101  107  117  132  153  301  498
  5
  72  152  202  349  499
  5
  34  44  54  65  462
  2
  182  380
  4
  47  264  361  439
  7
  16  113  115  234  304  378  464
  3
  128  245  296
  9
  15  216  328  345  382  385  389  438  458
  3
  42  131  302
  9
  61  64  131  166  226  231  267  332  453
  5
  36  71  392  443  471
  2
  277  287
  4
  17  257  306  470
  3
  165  206  463
  7
  7  93  99  172  293  303  341
  3
  50  132  200
  3
  27  279  312
  8
  28  93  172  176  202  339  423  493
  5
  107  360  416  479  500
  8
  80  108  130  215  310  328  444  484
  5
  72  87  184  257  331
  3
  24  168  306
  9
  41  47  149  172  174  290  317  467  498
  5
  203  236  389  445  468
  6
  6  82  181  264  357  490
  4
  56  95  204  430
  5
  101  313  416  427  483
  7
  103  159  269  293  323  390  480
  8
  29  78  135  174  203  278  428  488
  3
  214  217  379
  9
  146  156  213  272  278  328  387  423  438
  4
  112  123  228  470
  3
  194  346  450
  8
  25  31  107  172  317  318  319  498
  6
  1  43  149  253  313  465
  7
  93  317  329  344  382  471  488
  6
  59  91  117  257  323  467
  9
  27  55  111  281  294  333  336  375  400
  6
  9  139  368  398  422  424
  10
  146  158  160  201  307  365  378  393  404  421
  10
  91  129  147  158  206  267  350  352  364  412
  4
  173  177  188  201
  10
  34  81  87  124  290  379  388  425  467  481
  2
  108  191
  10
  86  127  145  146  149  171  232  341  468  497
  6
  5  149  229  276  404  493
  3
  370  419  483
  9
  60  80  112  150  216  279  329  343  396
  9
  23  66  72  162  164  314  358  383  458
  3
  78  100  211
  9
  40  49  78  127  230  260  284  387  443
  7
  99  158  196  303  375  388  430
  10
  29  51  55  207  232  309  416  423  463  491
  8
  8  78  105  118  156  209  265  396
  4
  62  172  212  284
  6
  19  111  143  176  209  290
  5
  37  56  87  161  212
  8
  57  182  257  268  286  379  430  450
  5
  104  314  356  357  427
  8
  24  176  219  283  415  436  441  499
  6
  144  158  347  407  412  438
  7
  94  108  112  309  380  392  484
  10
  63  68  159  185  193  199  217  315  318  331
  2
  175  270
  3
  20  380  398
  4
  70  132  270  395
  2
  113  318
  5
  118  269  279  393  434
  2
  310  377
  6
  39  213  245  306  365  432
  10
  41  87  138  144  167  269  288  312  454  464
  10
  38  68  161  171  177  184  216  308  366  384
  2
  135  212
  6
  267  275  368  406  410  459
  5
  65  181  241  272  423
  7
  151  181  281  316  358  369  467
  8
  61  128  141  156  242  267  302  460
  8
  35  186  240  264  302  396  420  498
  2
  380  420
  4
  84  221  335  356
  6
  20  94  108  127  358  457
  7
  13  60  230  286  310  322  359
  7
  22  243  271  301  359  400  458
  6
  30  191  219  329  359  374
  5
  215  235  248  353  450
  10
  33  38  69  101  177  250  350  410  474  477
  3
  45  85  400
  9
  6  43  56  116  141  151  209  270  330
  10
  23  34  51  109  141  153  184  286  371  400
  4
  17  97  258  400
  5
  124  160  291  311  353
  9
  23  57  131  148  273  314  413  465  491
  2
  265  473
  3
  87  265  361
  4
  273  390  439  444
  9
  99  140  275  327  373  395  417  451  475
  6
  171  270  288  320  321  455
  4
  107  110  113  318
  2
  104  229
  7
  85  93  131  281  313  458  466
  5
  82  135  396  415  431
  5
  244  274  297  319  496
  6
  43  51  56  225  289  425
  8
  82  130  207  241  341  389  472  485
  3
  10  163  467
  7
  87  92  219  315  341  360  478
  8
  50  79  235  236  321  388  457  476
  6
  34  37  111  348  366  413
  4
  2  230  384  493
  7
  188  250  266  270  288  344  365
  9
  86  94  141  268  290  339  437  444  474
  4
  172  207  415  460
  4
  5  24  25  82
  10
  51  68  71  81  99  138  146  387  404  478
  5
  168  341  372  389  428
  6
  90  119  208  342  461  484
  7
  2  15  72  134  205  384  471
  10
  73  128  131  146  242  311  326  358  434  482
  9
  109  208  294  360  372  428  448  463  484
  4
  101  128  235  296
  2
  9  305
  3
  225  290  485
  10
  35  59  98  135  173  184  222  350  415  482
  8
  142  208  214  257  262  441  442  462
  10
  54  100  120  135  161  276  290  306  355  398
  3
  174  203  475
  3
  161  188  412
  8
  206  312  319  321  329  360  433  481
  6
  175  177  212  267  396  438
  4
  182  217  338  461
  10
  27  36  147  162  280  316  343  435  494  496
  2
  279  322
  3
  366  450  480
  8
  11  32  130  201  233  317  322  401
  10
  2  15  23  55  276  307  349  365  425  472
  3
  61  198  473
  8
  49  69  164  170  193  260  327  328
  7
  7  53  71  134  258  447  480
  2
  147  367
  3
  49  321  336
  2
  23  389
  9
  6  10  21  87  110  199  267  358  414
  3
  82  277  333
  3
  58  333  439
  4
  205  247  436  483
  5
  48  155  285  298  321
  6
  58  145  172  299  304  430
  5
  147  232  305  399  416
  2
  364  494
  10
  34  65  121  179  199  240  305  396  412  459
  8
  56  87  210  221  224  383  405  494
  5
  71  174  206  302  362
  7
  35  89  132  167  218  327  391
  3
  105  234  354
  8
  23  62  133  155  397  425  433  467
  6
  68  126  134  191  306  361
  10
  53  67  234  271  344  357  405  424  427  448
  9
  66  93  166  258  300  333  381  392  426
  4
  45  87  205  334
  2
  113  351
  10
  6  48  64  118  245  293  300  354  359  473
  3
  80  121  423
  10
  22  76  206  250  261  310  326  347  414  418
  9
  81  124  160  256  309  361  411  429  432
  4
  198  200  258  320
  7
  112  139  198  280  310  344  430
  10
  5  12  16  25  78  124  126  176  196  500
  4
  24  169  347  370
  3
  158  182  491
  7
  69  83  113  168  234  356  410
  4
  115  312  316  453
  8
  84  109  217  311  335  372  380  385
  7
  14  30  50  227  291  324  466
  10
  149  209  239  247  273  369  390  402  430  435
  4
  33  76  86  99
  7
  52  114  221  245  294  382  424
  7
  56  64  69  73  154  247  339
  8
  81  159  165  220  267  270  390  478
  6
  11  20  40  96  125  312
  7
  57  138  184  228  300  311  324
  4
  65  242  269  341
  8
  121  146  156  160  317  419  434  460
  6
  175  193  274  295  402  472
  4
  329  349  374  463
  9
  26  88  140  169  239  380  417  419  433
  2
  103  275
  3
  8  178  422
  2
  137  453
  6
  64  147  166  238  396  444
  7
  164  183  197  291  328  372  429
  4
  198  219  287  411
  6
  20  189  221  257  428  477
  9
  20  93  96  238  272  341  357  437  479
  10
  56  154  160  165  268  305  351  389  478  493
  3
  108  189  300
  3
  181  222  384
  9
  14  79  82  218  337  358  424  425  468
  2
  330  425
  9
  50  130  135  233  303  318  374  428  456
  8
  209  230  246  286  307  375  473  480
  4
  85  226  354  367
  6
  36  141  284  372  444  482
  4
  22  118  230  233
  9
  16  141  143  205  225  263  267  385  438
  4
  228  268  325  449
  2
  291  334
  8
  22  82  164  232  285  410  432  458
  9
  44  81  174  194  237  249  303  345  490
  9
  102  171  243  281  300  301  324  366  425
  2
  150  417
  9
  194  240  250  325  334  348  368  392  410
  10
  85  91  178  189  208  212  290  414  429  467
  5
  108  248  268  370  437
  8
  49  195  207  297  298  394  415  423
  5
  18  202  203  421  467
  2
  237  256
  5
  35  323  351  445  459
  5
  166  182  243  259  329
  6
  29  159  199  392  475  498
  6
  28  29  83  90  147  159
  9
  20  110  156  200  208  243  341  364  419
  6
  141  171  186  191  307  448
  8
  44  96  136  141  194  366  394  412
  7
  111  173  235  295  320  406  408
  2
  72  429
  6
  55  121  124  226  232  422
  8
  12  80  93  118  143  162  172  264
  6
  66  87  119  182  300  379
  6
  71  253  348  373  440  482
  9
  62  98  183  298  308  330  378  443  483
  10
  98  109  158  218  256  296  306  329  414  498
  10
  5  77  202  207  286  293  310  377  388  440
  8
  48  68  192  214  245  265  325  430
  4
  167  200  363  448
  9
  13  15  38  305  306  374  375  435  485
  3
  80  457  474
  7
  27  93  260  310  348  442  499
  3
  156  188  408
  9
  5  40  260  306  320  331  410  456  467
  8
  23  24  132  221  323  362  382  488
  10
  21  74  78  140  192  220  243  274  275  441
  10
  21  161  217  300  416  446  448  453  465  477
  10
  65  107  232  296  329  379  390  493  494  497
  4
  94  95  233  291
  7
  39  75  118  152  326  345  374
  4
  44  180  286  399
  9
  40  65  88  91  186  236  296  386  461
  10
  28  66  95  97  196  248  403  409  432  480
  9
  36  51  62  117  233  271  364  411  488
  4
  183  224  426  443
  2
  85  131
  5
  69  168  335  456  484
  4
  320  323  456  457
  2
  214  319
  5
  49  255  448  464  476
  2
  102  308
  6
  136  176  191  290  312  432
  4
  254  256  323  357
  8
  17  91  143  339  392  422  434  456
  8
  9  29  103  147  283  314  410  420
  10
  85  89  119  195  225  248  249  260  326  496
  7
  35  90  149  155  222  396  437
  6
  97  146  186  421  471  481
  2
  32  469
  5
  125  230  269  324  352
  6
  48  101  103  134  138  173
  7
  59  104  163  262  287  416  486
  2
  52  318
  3
  245  452  490
  10
  18  103  104  131  161  169  190  422  448  478
  8
  10  60  134  253  277  420  493  499
  6
  49  146  193  202  263  320
  8
  99  141  173  183  263  405  458  489
  7
  129  142  185  214  284  366  442
  3
  218  368  477
  8
  15  82  194  253  357  411  448  474
  5
  41  385  388  434  499
  10
  2  18  27  37  72  118  147  352  435  476
  5
  15  22  160  351  448
  6
  45  57  95  257  334  337
  4
  11  122  342  400
  3
  119  271  467
  8
  11  36  127  187  197  248  257  380
  6
  46  97  112  217  223  330
  6
  34  214  223  405  421  452
  2
  161  363
  3
  172  272  443
  2
  76  219
  10
  22  146  202  203  227  283  440  443  492  498
  4
  35  128  243  399
  10
  4  23  24  133  171  221  231  265  443  456
  10
  7  49  116  132  149  322  325  341  477  489
  2
  285  420
  2
  29  218
  4
  102  121  140  453
  3
  81  119  250
  5
  22  173  299  329  418
  5
  14  163  366  382  412
  3
  84  86  336
  3
  175  271  295
  9
  41  84  291  334  359  383  454  492  499
  7
  145  210  211  259  299  438  451
  9
  52  264  284  364  391  435  470  472  481
  8
  16  18  101  167  177  326  380  451
  10
  103  118  219  265  303  335  395  420  423  475
  8
  14  21  25  48  94  255  436  482
  10
  65  102  142  156  200  228  333  384  390  404
  2
  179  435
  10
  63  84  150  156  219  242  397  460  468  489
  4
  26  277  338  442
  9
  133  173  187  221  229  255  321  400  407
  8
  72  162  200  229  233  307  357  425
  4
  237  291  318  465
  10
  58  86  87  151  177  257  318  331  356  397
  2
  463  483
  9
  28  130  141  182  354  364  382  418  466
  4
  36  136  248  371
  7
  5  14  39  204  239  360  367
  6
  70  315  334  397  422  473
  9
  90  123  150  166  187  380  413  419  490
  9
  16  42  55  105  304  309  348  384  417
  10
  79  113  217  300  335  361  389  407  409  495
  10
  28  31  69  172  191  299  395  438  460  473
  8
  54  58  77  142  166  203  208  343
  2
  16  247
  5
  85  107  172  263  467
  5
  8  52  282  355  382
  8
  18  111  244  284  384  432  469  492
  5
  110  222  259  307  429
  9
  23  25  118  126  194  258  285  341  465
  9
  67  219  234  338  340  345  391  464  479
  6
  15  124  182  384  465  497
  10
  30  60  113  250  256  330  338  458  461  499
  8
  159  218  227  287  314  377  391  409
  10
  23  98  103  182  257  300  305  313  410  432
  8
  6  59  76  197  241  271  360  477
  3
  209  293  371
  3
  50  368  484
  8
  58  171  240  281  287  462  465  484
  8
  137  223  236  280  291  300  357  496
  2
  388  481
  3
  23  43  179
  2
  330  382
  5
  30  115  150  154  199
  10
  36  49  103  274  399  430  447  448  451  462
  6
  219  340  355  356  458  464
  4
  56  128  306  471
  3
  144  297  445
  10
  84  86  95  134  170  199  260  269  326  443
  7
  14  52  180  235  292  322  413
  3
  119  453  454
  2
  282  353
  3
  57  75  393
  6
  75  161  254  393  398  462
  7
  134  203  257  274  319  349  464
  10
  22  55  103  176  293  297  326  385  422  450
  6
  13  52  282  430  469  478
  8
  36  94  121  194  211  266  286  299
  5
  209  220  252  338  445
  4
  31  385  389  476
  10
  59  78  143  158  266  349  350  435  482  487
  7
  76  168  191  245  275  296  449
  9
  11  41  84  254  311  375  418  422  478
  7
  92  146  224  390  443  466  473
  3
  333  343  354
  2
  150  296
  2
  362  371
  5
  164  182  220  232  465
  6
  60  206  268  293  317  477
  7
  19  80  200  321  340  432  475
  6
  4  60  194  202  333  464
  2
  92  140
  7
  65  271  296  313  349  370  464
  6
  79  114  122  185  204  447
  3
  205  329  472
  9
  89  131  189  225  264  287  346  392  410
  3
  165  184  355
  4
  41  287  313  428
  2
  90  356
  9
  38  42  103  288  315  325  349  407  441
  10
  49  95  108  133  156  176  220  346  403  483
  9
  72  128  172  262  271  322  346  481  500
  8
  211  219  271  313  385  421  427  485
  9
  23  182  245  314  344  366  452  465  499
  6
  15  44  115  224  272  308
  5
  59  136  176  280  417
  4
  150  202  292  386
  8
  106  141  281  311  335  351  366  438
  4
  23  77  102  159
  2
  116  273
  6
  28  137  164  227  360  413
  2
  198  351
  8
  19  73  122  169  230  266  287  355
  5
  24  117  193  249  392
  9
  19  104  165  242  266  293  309  383  468
  3
  3  134  365
  9
  33  40  213  259  261  323  384  402  495
  8
  98  210  226  307  336  350  478  492
  5
  76  141  259  297  418
  8
  26  70  196  202  298  307  342  375
  9
  1  2  53  119  124  243  291  400  406
  6
  55  63  186  200  345  365
  5
  101  179  267  291  391
  7
  213  330  366  374  452  462  463
  2
  448  494
  8
  88  169  171  278  390  394  400  414
  2
  220  298
  3
  13  162  195
  9
  15  81  157  260  359  391  417  451  498
  8
  20  40  41  43  137  148  205  340
  10
  4  14  58  66  116  150  310  409  451  481
  10
  31  34  84  86  110  116  350  470  480  488
  2
  221  491
  8
  110  222  271  276  325  389  414  456
  9
  108  200  212  219  311  339  434  435  441
  6
  47  60  93  209  319  444
  7
  38  68  132  237  411  483  488
  3
  12  67  122
  2
  211  216
  3
  22  34  323
  6
  8  18  93  120  143  334
  5
  43  51  58  236  238
  6
  222  342  348  354  380  381
  3
  73  163  211
  6
  108  116  182  201  409  421
  6
  83  235  249  272  278  396
  6
  101  245  414  432  437  485
  2
  167  299
  6
  33  70  146  351  383  438
  7
  5  7  12  88  96  236  375
  3
  136  404  433
  9
  117  118  122  176  187  255  342  397  408
  2
  187  450
  8
  43  101  181  273  308  402  449  499
  7
  21  68  286  356  478  485  486
  5
  11  86  320  379  500
  6
  90  125  145  365  402  499
  2
  258  428
  10
  25  32  52  173  251  255  271  329  467  471
  4
  16  113  338  450
  9
  14  73  146  196  206  217  343  362  411
  7
  33  40  311  323  403  406  428
  3
  323  395  410
  9
  187  218  257  258  317  353  375  412  443
  2
  60  359
  5
  61  230  271  463  477
  4
  42  142  299  437
  8
  69  104  237  279  300  305  431  488
  5
  25  227  233  349  493
  2
  88  459
  6
  32  73  75  188  202  448
  2
  134  335
  4
  108  243  362  395
  9
  30  45  55  71  80  125  187  254  417
  4
  71  90  139  184
  4
  6  93  140  378
  7
  43  71  122  179  305  358  380
  10
  36  61  107  142  182  200  289  404  410  428
  6
  83  169  194  318  356  499
