  1500  500
  4  17  12  4  9  7  3  10  14  18  8  18  20  2  5  7  14  8  9  2  7  18  9  5  6  12  18  7  15  12  11  7  20  7  1  13  19  12  15  17  8  6  1  11  7  1  9  14  1  18  6  14  1  15  6  14  9  19  8  11  9  1  19  15  10  14  4  7  16  9  19  3  10  13  19  8  4  13  7  11  1  14  12  19  16  6  6  8  18  20  11  17  9  1  17  2  7  9  11  7  17  8  10  17  17  4  9  11  19  9  6  15  12  11  6  14  1  6  1  12  17  9  4  7  8  16  8  4  9  16  17  11  10  18  9  9  3  13  8  11  14  5  1  20  15  9  12  12  7  14  5  13  8  5  3  8  20  16  18  19  17  20  12  18  19  19  13  14  19  12  9  17  6  14  11  19  9  17  11  17  7  3  8  3  14  15  19  15  11  12  6  18  16  10  20  14  5  6  16  12  10  14  12  17  8  1  18  11  9  12  2  2  18  11  8  13  20  7  14  5  6  17  6  20  3  4  17  12  12  1  10  15  18  14  17  15  2  7  16  11  12  7  5  14  19  20  6  1  9  4  12  1  17  12  12  7  15  12  17  8  14  17  1  4  2  12  12  17  11  2  13  11  12  16  7  19  8  6  6  14  3  9  19  18  9  18  3  18  8  5  17  5  20  14  19  14  11  11  10  15  12  2  18  13  4  14  19  13  10  15  5  16  2  16  14  1  14  15  18  10  19  17  7  20  16  2  7  2  19  20  18  4  18  4  15  8  17  9  1  11  16  18  6  15  9  13  2  20  8  14  19  10  19  9  18  4  11  7  12  19  7  14  13  6  2  3  2  2  2  19  7  17  10  11  2  2  3  1  14  11  14  3  20  10  15  13  9  6  6  11  5  20  5  13  11  1  9  7  13  2  14  3  18  15  12  16  13  14  8  13  6  11  16  5  4  10  6  10  20  7  4  13  5  10  5  4  8  1  8  17  3  5  17  14  11  14  18  14  2  4  5  1  4  17  6  17  11  5  4  1  13  5  14  7  15  18  20  2  12  13  10  10  15  16  1  2  10  12  16  15  11  16  9  9  18  2  7  20  6  2  11  6  4  13  1  7  6  4  18  7  17  6  3  20  14  19  7  6  1  16
  8
  16  29  62  200  237  296  360  445
  10
  5  56  113  287  370  397  462  473  486  494
  3
  64  311  419
  4
  157  186  354  387
  10
  22  47  245  246  250  260  304  306  340  409
  2
  112  413
  5
  18  111  343  357  403
  9
  55  187  191  202  217  292  346  390  395
  4
  25  175  193  219
  6
  136  215  261  264  268  367
  6
  22  112  163  204  406  444
  8
  133  171  223  247  298  358  443  469
  6
  215  236  269  336  405  433
  10
  20  91  126  330  383  421  455  457  478  486
  7
  17  123  151  161  350  353  433
  6
  55  145  212  305  325  357
  8
  34  74  135  201  225  444  495  500
  2
  262  367
  5
  37  125  267  359  372
  9
  9  75  90  168  267  273  428  453  468
  9
  33  40  149  287  330  351  368  372  384
  3
  19  205  222
  9
  147  165  231  269  299  321  381  385  426
  5
  2  164  213  219  468
  7
  188  228  330  395  417  434  439
  9
  35  128  131  141  217  260  307  436  438
  10
  59  61  125  162  199  248  286  291  340  436
  6
  221  235  266  274  402  460
  9
  120  180  228  254  283  286  397  451  459
  6
  13  148  305  319  400  425
  9
  8  56  201  288  308  324  386  427  472
  9
  3  161  195  197  223  263  317  327  427
  2
  119  161
  4
  55  182  445  475
  7
  23  25  71  243  369  376  446
  4
  201  281  380  463
  10
  6  30  60  64  110  370  376  462  465  474
  9
  16  98  119  129  200  260  353  439  465
  5
  9  74  155  263  330
  10
  37  88  145  221  236  291  316  384  468  496
  6
  28  148  276  411  457  464
  4
  17  131  333  476
  8
  41  104  111  134  135  250  308  317
  6
  54  132  170  193  202  418
  5
  205  333  367  385  439
  6
  49  108  134  219  333  353
  6
  33  52  312  381  485  495
  2
  360  369
  6
  12  19  164  184  245  275
  10
  5  10  13  126  163  180  220  337  447  481
  2
  16  302
  8
  54  138  196  336  354  376  388  410
  5
  103  238  244  338  386
  7
  101  145  184  214  269  323  328
  10
  42  127  133  146  198  237  291  325  370  421
  9
  25  38  85  92  147  172  303  413  474
  9
  99  152  173  217  218  243  373  434  470
  7
  48  56  157  175  220  396  445
  9
  124  166  226  253  276  287  415  449  458
  4
  94  281  331  435
  3
  76  83  367
  6
  8  57  76  89  107  376
  6
  25  114  254  261  438  454
  7
  18  89  131  222  416  448  459
  10
  30  113  151  192  221  233  296  357  378  385
  8
  47  113  158  186  188  311  336  413
  4
  286  342  437  484
  9
  7  136  235  249  280  322  349  428  476
  5
  43  80  261  270  482
  10
  28  87  93  221  233  260  309  361  488  497
  10
  48  129  175  180  248  258  284  337  340  494
  3
  28  29  369
  5
  268  354  373  456  481
  8
  29  120  211  214  225  233  325  420
  2
  165  376
  9
  104  130  159  275  331  387  396  437  486
  8
  38  154  179  248  268  295  313  396
  5
  136  197  214  353  457
  9
  132  151  158  222  293  314  356  469  479
  3
  215  250  439
  6
  132  138  242  248  412  422
  6
  363  407  408  424  434  469
  5
  22  57  242  448  473
  7
  44  80  218  346  429  433  454
  8
  5  42  47  175  196  416  467  493
  9
  15  53  84  217  258  304  335  338  472
  2
  349  363
  9
  126  129  172  263  308  315  329  454  461
  5
  159  229  364  472  479
  5
  61  255  258  286  411
  3
  200  296  355
  8
  84  143  156  255  388  392  447  470
  9
  11  18  183  247  271  320  345  432  461
  4
  163  237  373  376
  2
  224  231
  4
  65  73  150  358
  7
  66  124  215  257  367  405  454
  2
  44  174
  2
  15  210
  10
  32  55  63  105  117  137  216  348  435  442
  6
  50  142  355  368  451  452
  6
  155  185  205  223  288  350
  8
  113  159  200  276  431  432  483  484
  5
  9  88  196  375  492
  9
  58  100  126  165  187  305  324  336  350
  5
  30  60  75  155  266
  7
  181  245  249  281  398  452  484
  2
  261  391
  4
  75  264  318  496
  2
  29  499
  7
  17  42  161  291  331  350  437
  3
  115  274  392
  8
  66  97  151  256  371  431  474  496
  2
  162  461
  10
  122  127  222  333  335  364  374  424  451  465
  8
  6  35  127  131  267  400  407  480
  6
  190  264  281  394  477  481
  9
  2  23  167  179  252  289  385  421  432
  5
  153  175  230  233  271
  4
  7  273  281  289
  2
  361  473
  4
  131  360  448  496
  8
  140  164  173  204  361  408  421  487
  4
  314  452  467  488
  2
  137  345
  3
  268  350  423
  7
  77  95  121  237  304  358  372
  6
  100  157  304  389  406  491
  9
  6  23  35  178  251  318  332  335  428
  6
  169  182  184  189  193  487
  6
  199  207  294  360  496  499
  2
  340  414
  6
  90  138  155  217  274  346
  8
  92  156  158  193  253  289  294  383
  10
  88  177  215  286  357  417  418  451  465  483
  8
  79  120  162  284  318  403  494  499
  8
  65  171  179  180  233  235  363  480
  10
  19  172  176  177  229  365  399  442  487  493
  10
  23  92  106  138  175  234  253  270  309  454
  7
  98  104  130  271  313  353  410
  10
  75  93  102  256  327  334  402  409  446  460
  8
  32  55  218  244  339  366  429  479
  6
  71  247  311  339  384  397
  7
  23  92  212  215  217  407  457
  7
  168  254  286  299  320  344  396
  5
  78  82  102  241  394
  8
  96  136  203  297  354  385  488  498
  10
  64  131  162  176  230  242  378  433  455  498
  5
  23  176  285  426  438
  2
  136  497
  7
  7  32  102  158  182  310  373
  3
  264  403  493
  4
  35  216  394  441
  4
  20  189  217  444
  10
  62  101  102  213  279  331  381  397  475  489
  10
  36  78  133  172  208  217  219  227  312  318
  8
  35  86  114  246  250  264  290  406
  3
  73  126  185
  8
  30  138  164  250  339  345  359  456
  8
  7  121  142  193  201  211  302  360
  9
  26  106  138  146  151  175  255  419  433
  6
  47  82  118  206  324  427
  4
  41  286  343  401
  6
  36  128  146  303  451  471
  2
  78  300
  4
  91  175  321  338
  4
  62  216  397  463
  5
  82  100  255  259  368
  8
  41  106  138  204  254  317  378  399
  6
  108  235  245  311  366  431
  6
  117  169  204  371  451  476
  9
  1  20  110  166  241  350  352  481  496
  4
  70  94  110  333
  4
  328  330  380  394
  7
  115  117  186  187  360  412  494
  5
  8  102  245  346  403
  10
  7  23  24  98  144  154  185  256  275  431
  5
  175  253  326  448  474
  3
  56  178  340
  9
  115  130  158  267  298  336  361  376  456
  5
  172  239  280  283  415
  8
  76  82  88  116  220  229  457  477
  9
  24  76  134  191  219  286  361  394  443
  6
  182  249  253  285  407  456
  2
  23  234
  10
  43  59  99  158  178  185  198  385  418  482
  5
  12  95  257  258  462
  4
  122  325  438  468
  5
  44  79  108  123  353
  10
  27  146  263  283  333  334  373  385  399  411
  2
  81  429
  3
  9  71  295
  3
  112  190  313
  8
  21  145  169  231  267  379  444  448
  6
  251  304  384  409  428  462
  7
  8  48  123  163  289  386  496
  2
  325  389
  10
  9  41  115  221  234  265  284  298  388  396
  9
  52  218  249  259  338  379  411  437  449
  3
  30  51  59
  4
  30  86  124  145
  2
  11  480
  3
  42  160  192
  9
  3  11  81  102  115  174  213  299  417
  10
  81  128  153  205  293  359  386  444  458  480
  3
  92  137  452
  2
  226  277
  2
  373  445
  7
  145  252  407  418  443  448  468
  2
  458  496
  8
  133  171  213  293  339  353  390  405
  10
  14  133  147  332  363  397  428  446  456  486
  3
  331  409  455
  6
  74  200  224  338  386  443
  3
  100  219  416
  10
  49  199  251  318  361  368  374  399  442  499
  2
  265  338
  9
  10  15  140  149  221  279  377  442  499
  3
  16  361  459
  9
  85  156  176  208  238  279  310  441  498
  7
  59  161  230  236  251  334  468
  5
  79  220  359  443  452
  7
  106  162  164  212  250  326  358
  4
  30  348  406  424
  10
  48  54  67  87  187  224  262  265  425  444
  8
  52  79  253  354  372  419  434  481
  8
  59  83  245  269  356  400  402  464
  10
  45  119  148  200  203  234  320  358  424  428
  4
  230  252  345  401
  4
  139  355  386  387
  5
  112  113  242  321  364
  7
  126  215  221  249  251  303  439
  10
  12  78  86  160  237  298  317  345  450  465
  6
  77  266  330  346  401  432
  6
  45  307  407  459  475  486
  6
  3  8  117  251  321  475
  5
  136  214  407  477  480
  3
  207  302  375
  8
  36  49  87  168  222  310  337  500
  2
  341  402
  10
  100  133  135  273  274  356  370  412  461  498
  5
  67  178  208  209  453
  3
  37  376  465
  10
  13  220  250  317  338  344  357  375  392  436
  7
  173  215  238  337  399  460  463
  4
  356  379  449  485
  9
  1  44  63  79  394  424  440  446  457
  9
  44  46  59  63  132  361  372  387  401
  5
  71  220  287  403  422
  10
  6  68  100  158  165  170  411  416  419  489
  5
  126  182  187  234  312
  9
  8  122  150  164  209  242  369  399  451
  5
  15  192  270  280  361
  2
  43  76
  4
  29  148  250  349
  4
  86  159  380  480
  3
  363  443  482
  7
  75  117  163  265  329  448  481
  2
  55  130
  7
  11  18  135  417  421  433  471
  9
  17  65  156  194  200  236  329  347  389
  8
  79  127  338  355  414  449  466  487
  5
  9  159  360  426  446
  5
  258  271  399  412  430
  5
  263  268  389  390  475
  6
  181  183  209  228  371  453
  5
  55  162  250  281  331
  5
  43  54  84  97  149
  8
  45  106  136  166  182  285  346  399
  2
  196  362
  4
  16  274  428  438
  3
  198  396  405
  10
  73  158  273  318  344  377  380  391  421  422
  2
  134  143
  5
  18  117  177  321  429
  5
  99  146  301  401  469
  6
  9  198  228  365  493  496
  2
  3  168
  8
  54  128  163  208  259  268  349  448
  2
  96  395
  9
  3  132  170  180  265  312  318  411  421
  7
  95  107  270  291  292  331  355
  8
  124  131  170  211  299  413  435  472
  9
  104  186  206  252  266  308  369  438  454
  3
  254  265  493
  2
  10  343
  9
  7  157  245  320  340  392  422  470  499
  3
  39  68  124
  3
  339  370  490
  4
  179  192  367  407
  5
  106  124  174  337  396
  10
  20  76  118  139  172  242  288  331  368  463
  4
  81  153  293  474
  5
  113  333  448  450  464
  4
  34  269  293  446
  2
  288  417
  9
  9  40  79  134  141  281  330  385  431
  3
  257  265  384
  8
  69  153  166  398  433  435  442  444
  10
  15  16  92  274  288  305  356  440  453  466
  9
  32  103  125  155  166  423  429  474  476
  8
  61  85  141  166  178  354  385  495
  9
  41  68  73  164  184  246  307  426  452
  8
  77  196  253  408  419  421  460  481
  4
  74  187  258  472
  8
  76  216  272  283  288  296  337  362
  4
  181  213  217  370
  2
  366  449
  9
  18  36  124  143  161  254  308  309  392
  7
  73  178  193  297  393  397  406
  2
  74  163
  7
  23  138  145  288  339  390  479
  6
  42  159  370  386  405  467
  2
  173  245
  4
  11  29  305  470
  7
  12  51  192  215  321  333  476
  2
  109  442
  10
  45  46  49  64  106  272  375  403  484  498
  8
  86  178  223  241  295  401  488  492
  3
  102  331  476
  9
  47  99  201  203  215  419  422  438  453
  3
  37  265  315
  5
  94  185  197  261  394
  3
  163  187  459
  2
  167  221
  2
  23  392
  9
  23  50  54  169  278  329  402  445  500
  6
  77  159  213  331  372  377
  2
  292  437
  9
  1  64  75  88  173  178  181  227  488
  2
  79  483
  6
  68  83  177  180  262  477
  7
  65  95  263  308  318  421  437
  10
  37  104  114  320  386  403  414  444  448  488
  3
  313  371  402
  6
  48  135  282  321  405  473
  10
  13  92  110  175  186  237  240  303  327  476
  7
  26  81  132  235  323  358  368
  3
  112  169  203
  10
  4  78  126  210  213  223  334  345  403  500
  8
  231  240  252  306  337  379  396  466
  8
  19  123  160  379  402  437  451  457
  6
  5  16  80  180  357  397
  8
  82  151  185  231  273  342  405  443
  3
  54  289  486
  3
  61  420  483
  4
  54  91  298  319
  8
  158  166  273  393  395  399  409  476
  5
  60  139  173  236  377
  9
  5  134  166  275  373  455  475  479  492
  6
  76  262  314  361  416  493
  2
  217  231
  3
  163  277  477
  4
  88  124  158  438
  8
  119  131  175  190  270  338  411  418
  2
  382  401
  7
  39  146  159  176  188  192  425
  3
  192  308  372
  7
  82  148  186  206  291  296  499
  3
  87  106  406
  9
  29  35  36  105  120  178  293  442  457
  10
  30  77  129  170  257  344  375  428  430  432
  9
  14  62  81  86  100  142  231  301  389
  7
  2  93  155  201  260  262  268
  7
  8  12  101  108  352  362  395
  5
  119  151  182  350  471
  7
  59  145  302  339  347  368  428
  8
  2  175  183  254  262  280  306  401
  9
  41  55  61  123  214  269  329  446  449
  4
  15  62  273  297
  2
  280  436
  3
  30  92  218
  7
  171  206  207  282  363  491  500
  9
  90  116  119  161  313  336  365  379  436
  2
  171  227
  5
  20  46  54  249  490
  4
  112  326  345  440
  8
  204  330  336  397  411  417  454  495
  9
  45  60  101  116  125  160  222  234  318
  7
  32  96  171  201  213  272  424
  9
  7  12  26  94  98  164  246  319  485
  6
  20  80  187  197  340  415
  5
  90  170  373  407  432
  7
  296  305  326  336  390  410  497
  9
  83  157  193  231  306  317  393  399  482
  3
  80  135  141
  8
  2  44  60  65  179  215  275  280
  2
  442  460
  4
  95  148  182  214
  10
  24  51  192  194  220  373  385  406  464  468
  7
  70  131  146  171  278  305  461
  9
  84  168  177  193  206  223  253  309  329
  4
  74  401  417  427
  9
  38  44  74  128  178  207  220  267  484
  2
  161  265
  4
  42  186  478  497
  3
  255  335  351
  3
  221  298  306
  8
  98  200  302  303  318  338  351  356
  2
  18  360
  10
  97  105  248  304  329  399  417  451  484  487
  2
  98  440
  5
  129  130  447  479  482
  3
  65  306  324
  10
  2  37  111  131  204  207  217  224  299  435
  7
  79  126  147  253  316  342  429
  9
  64  99  141  225  251  341  417  473  475
  3
  165  200  257
  3
  116  261  329
  2
  293  485
  7
  76  113  120  135  190  264  326
  4
  15  115  348  417
  10
  71  135  139  210  268  291  363  368  407  423
  8
  178  193  194  298  299  322  356  401
  9
  3  9  57  188  260  354  375  401  496
  6
  82  145  195  272  287  341
  5
  236  248  412  421  422
  9
  1  17  29  48  89  227  385  401  442
  7
  82  102  133  226  236  297  340
  6
  45  261  294  306  421  442
  10
  28  91  261  267  309  336  418  447  460  464
  5
  35  56  72  136  280
  10
  71  156  168  202  207  258  313  389  429  497
  7
  130  138  185  284  331  341  357
  2
  67  186
  7
  141  154  181  239  263  362  383
  6
  102  156  235  459  490  498
  6
  51  146  290  454  458  495
  2
  211  486
  8
  49  57  75  193  271  400  401  452
  5
  100  116  410  423  482
  8
  4  22  146  309  347  349  438  449
  8
  34  112  161  200  222  310  338  482
  8
  47  94  105  116  153  217  311  446
  6
  40  168  178  259  474  489
  10
  12  119  193  240  338  344  348  379  386  472
  5
  293  372  397  416  452
  3
  106  177  246
  7
  24  143  189  228  236  262  330
  8
  20  53  180  207  350  451  473  496
  10
  26  28  197  240  245  280  323  437  470  483
  9
  35  42  114  139  142  159  174  183  271
  2
  224  404
  7
  80  129  317  320  332  343  471
  8
  20  39  101  165  352  415  426  495
  7
  26  133  157  227  240  344  484
  3
  17  273  405
  9
  38  96  161  194  262  263  305  310  371
  10
  161  164  169  194  210  230  291  383  462  490
  4
  95  278  350  416
  9
  4  54  135  161  255  297  349  409  433
  8
  17  33  77  330  350  403  431  432
  5
  62  78  288  330  496
  10
  22  128  156  173  178  187  394  436  465  467
  3
  92  98  111
  5
  50  59  87  313  379
  5
  55  116  189  287  401
  8
  54  164  362  379  414  462  481  484
  5
  58  73  80  226  326
  8
  95  113  151  191  210  407  443  469
  8
  59  60  125  204  320  377  448  474
  7
  111  146  354  380  397  422  447
  10
  31  34  36  160  226  250  260  281  378  386
  2
  298  343
  5
  23  63  87  139  148
  2
  40  96
  4
  12  273  278  355
  9
  23  107  166  232  258  265  356  389  479
  9
  74  85  134  145  192  201  244  288  441
  8
  102  197  269  316  380  458  460  482
  8
  85  128  205  216  256  340  479  493
  10
  32  105  171  182  232  315  371  411  452  497
  10
  2  111  142  248  260  307  407  408  426  456
  9
  2  15  173  202  254  389  461  473  476
  5
  72  295  358  410  420
  3
  373  451  462
  8
  31  80  89  144  185  249  251  324
  9
  33  57  99  130  266  329  376  424  490
  4
  19  196  260  405
  5
  10  30  231  301  394
  6
  141  171  217  333  348  411
  4
  232  265  286  407
  4
  39  155  171  209
  10
  36  103  283  357  362  366  386  389  440  480
  2
  25  89
  2
  23  109
  8
  63  80  90  95  224  409  439  469
  10
  57  171  181  264  286  353  358  366  442  479
  2
  349  464
  10
  43  73  85  133  172  286  303  333  386  422
  10
  51  114  128  209  222  362  384  396  446  469
  4
  69  133  243  500
  9
  84  97  211  221  403  434  453  483  487
  4
  129  302  313  458
  5
  19  109  266  292  336
  6
  54  74  80  90  141  355
  4
  14  31  304  476
  2
  299  402
  5
  74  200  262  411  427
  3
  21  86  250
  10
  10  40  95  166  207  234  349  368  435  499
  7
  145  155  229  238  255  355  460
  9
  48  73  174  336  386  459  476  487  495
  5
  30  104  211  232  249
  6
  88  222  325  347  350  422
  5
  42  99  328  348  452
  6
  70  89  171  320  451  496
  5
  22  187  249  378  487
  10
  21  33  91  118  190  217  324  340  360  396
  6
  2  5  259  364  415  482
  7
  25  75  180  263  290  321  466
  3
  237  432  442
  3
  20  122  260
  9
  10  126  216  247  262  295  355  357  402
  10
  1  100  134  144  222  291  374  473  475  491
  7
  63  174  231  256  350  359  493
  10
  120  130  161  197  295  359  399  400  436  498
  9
  202  214  220  221  222  226  297  404  420
  6
  21  170  204  337  341  431
  5
  120  214  255  279  384
  8
  98  127  190  209  446  452  459  480
  4
  339  367  398  489
  2
  263  420
  6
  78  166  224  445  491  494
  7
  120  122  177  407  434  435  468
  2
  259  340
  3
  37  353  391
  8
  16  162  253  260  283  412  427  476
  2
  36  220
  6
  24  73  155  177  203  210
  7
  73  134  331  343  371  391  474
  3
  225  233  429
  7
  58  86  113  147  267  481  490
  2
  185  376
  7
  126  173  386  388  404  415  482
  10
  9  171  182  187  243  308  339  440  455  458
  2
  112  184
  4
  176  177  399  434
  6
  111  142  176  238  420  437
  6
  26  65  112  123  223  269
  8
  44  224  277  299  302  305  306  472
  2
  56  280
  10
  13  46  75  94  138  161  221  242  244  310
  2
  155  445
  5
  146  170  317  341  485
  4
  288  301  341  438
  9
  3  18  28  175  239  342  347  390  412
  6
  29  168  269  311  378  468
  8
  60  125  131  200  228  271  416  496
  3
  14  141  271
  9
  54  99  136  339  365  394  411  453  486
  3
  78  260  482
  5
  34  68  135  290  480
  5
  200  206  349  376  400
  7
  60  207  263  300  350  398  460
  7
  7  89  149  257  260  266  405
  3
  219  431  476
  3
  57  258  395
  5
  9  343  350  357  462
  3
  18  219  254
  7
  43  51  54  99  242  348  437
  9
  40  116  148  190  199  315  377  379  447
  2
  80  427
  6
  80  151  205  209  225  356
  7
  58  60  158  332  358  491  497
  6
  89  336  383  432  461  474
  3
  116  185  401
  8
  92  93  140  241  288  293  310  369
  2
  173  484
  2
  124  201
  2
  201  216
  2
  369  451
  10
  41  119  158  188  304  318  336  345  368  426
  9
  2  19  90  185  248  342  379  454  482
  5
  1  23  207  338  444
  5
  31  81  162  179  312
  3
  240  418  491
  6
  111  209  268  279  283  454
  3
  109  398  453
  4
  73  418  431  494
  5
  48  90  109  158  189
  5
  68  90  117  350  434
  9
  10  98  138  160  258  289  375  395  456
  6
  8  30  45  49  222  340
  9
  72  101  109  315  317  365  423  472  479
  6
  88  175  211  291  364  423
  10
  68  94  156  194  221  291  293  313  396  442
  9
  56  199  245  267  326  347  382  396  482
  3
  328  376  459
  7
  15  149  317  351  385  416  483
  2
  229  276
  5
  29  165  369  374  417
  9
  116  165  182  279  305  346  417  482  499
  6
  19  53  59  265  285  370
  6
  211  240  292  403  439  447
  8
  109  190  252  283  382  406  464  497
  8
  3  84  101  142  324  341  370  414
  9
  105  139  175  177  244  287  336  381  432
  9
  30  119  167  253  368  411  422  450  452
  9
  44  87  133  283  286  300  370  426  446
  5
  160  229  294  297  409
  2
  251  380
  9
  4  152  156  368  379  425  454  482  492
  5
  56  114  426  478  485
  5
  126  227  308  445  490
  7
  1  98  117  135  357  381  402
  9
  10  211  212  293  326  347  352  368  485
  7
  45  180  201  225  325  346  494
  8
  147  211  240  253  302  316  341  355
  7
  168  184  218  261  290  360  375
  5
  14  104  184  243  492
  9
  30  40  57  96  263  277  322  371  471
  2
  360  401
  2
  245  385
  8
  48  125  160  311  314  353  453  488
  2
  30  47
  8
  92  140  269  327  402  431  480  490
  9
  171  217  297  319  375  406  429  433  500
  9
  84  132  187  231  267  305  421  460  465
  9
  11  16  108  202  307  336  403  406  483
  4
  65  247  327  336
  9
  25  38  49  61  156  262  338  373  445
  9
  27  88  103  150  239  302  339  370  439
  8
  69  141  153  228  349  419  423  479
  9
  1  46  113  174  202  253  281  306  312
  4
  48  152  486  496
  10
  36  77  118  127  274  285  319  376  450  482
  10
  44  145  197  249  317  379  411  415  445  448
  9
  7  18  100  129  229  256  363  380  484
  3
  206  439  453
  6
  77  101  356  401  403  476
  9
  80  251  287  305  369  383  402  440  490
  2
  108  374
  4
  3  145  166  500
  7
  68  99  118  196  299  426  439
  4
  254  374  460  461
  7
  37  141  214  223  384  404  438
  10
  4  107  119  189  255  271  287  347  391  396
  9
  39  151  155  198  244  262  269  341  487
  10
  12  54  84  101  174  227  229  246  281  366
  4
  275  333  452  474
  10
  25  84  106  129  229  336  414  418  449  455
  6
  33  66  121  188  307  372
  6
  152  187  200  336  428  486
  3
  144  379  490
  9
  38  145  171  184  187  245  330  405  418
  6
  78  97  107  157  233  348
  7
  178  233  305  324  326  331  386
  9
  67  79  197  250  258  278  315  431  461
  9
  26  77  157  173  195  400  418  437  451
  6
  141  252  336  341  454  492
  4
  23  52  213  482
  5
  176  366  410  413  477
  3
  261  323  411
  7
  64  138  220  386  438  442  480
  9
  2  14  120  163  179  233  443  460  469
  6
  2  21  63  158  249  458
  7
  6  122  128  328  347  433  436
  5
  159  226  274  362  416
  6
  56  137  175  343  347  381
  7
  67  72  147  232  298  329  457
  8
  71  92  98  140  194  289  308  324
  5
  119  262  294  303  466
  2
  119  499
  3
  52  359  375
  2
  170  215
  8
  139  208  265  279  288  334  344  440
  9
  67  100  246  270  272  282  328  352  391
  9
  53  56  109  157  183  321  364  377  378
  9
  6  12  41  179  211  337  407  410  472
  10
  180  245  303  319  322  324  366  379  484  485
  5
  148  180  219  283  319
  3
  142  224  393
  6
  124  159  172  173  287  379
  10
  136  167  201  204  257  343  372  382  397  497
  9
  114  124  153  168  289  306  382  416  476
  6
  11  24  75  256  263  388
  5
  45  178  255  450  455
  4
  74  99  186  299
  5
  14  56  192  312  497
  2
  115  396
  5
  86  144  179  403  461
  8
  42  81  153  187  386  422  481  491
  5
  31  66  118  349  352
  4
  32  273  393  458
  6
  61  277  278  293  402  497
  4
  241  382  423  448
  5
  108  154  268  274  294
  4
  143  243  246  262
  8
  13  18  221  265  348  392  475  490
  9
  16  61  102  155  215  256  283  287  357
  4
  25  186  273  470
  9
  35  50  81  94  245  323  376  396  440
  6
  127  143  221  342  417  482
  9
  38  78  109  168  177  218  232  398  493
  2
  283  345
  10
  32  51  91  154  265  292  372  447  458  460
  2
  142  466
  2
  365  432
  5
  15  94  176  395  421
  6
  121  144  145  193  308  401
  4
  178  236  317  388
  6
  12  72  238  319  365  376
  8
  68  115  206  307  328  440  453  495
  6
  126  130  228  296  320  446
  5
  81  105  125  223  375
  8
  13  106  117  154  250  396  446  484
  5
  25  76  123  318  466
  7
  45  76  150  174  289  324  374
  2
  68  482
  4
  225  436  444  496
  3
  47  279  362
  8
  133  199  208  254  263  287  449  473
  8
  10  60  84  131  242  346  430  468
  7
  71  269  272  319  357  421  445
  7
  32  49  111  321  327  343  490
  2
  13  390
  6
  11  59  73  300  331  387
  8
  132  146  237  277  333  382  394  443
  7
  56  70  94  205  211  301  385
  4
  17  215  282  388
  3
  41  70  380
  4
  50  280  349  403
  2
  293  433
  3
  32  281  394
  9
  127  141  150  209  320  463  479  480  494
  7
  35  48  191  238  321  398  405
  9
  21  68  136  183  268  322  331  401  442
  2
  238  486
  8
  110  202  207  263  275  353  367  433
  9
  47  82  120  244  258  375  380  426  455
  3
  65  379  488
  2
  89  153
  8
  13  70  90  237  255  312  337  476
  5
  30  288  329  369  426
  5
  67  105  138  175  230
  10
  165  269  292  306  333  370  414  433  459  496
  9
  63  104  117  199  207  237  305  341  476
  9
  41  81  151  163  287  362  376  464  465
  2
  167  362
  8
  32  52  53  275  390  478  480  488
  9
  98  99  241  252  279  356  368  435  484
  6
  78  144  176  235  262  413
  5
  67  145  314  365  463
  8
  38  68  75  82  268  321  478  495
  8
  35  63  101  267  352  358  428  488
  9
  47  48  213  248  314  337  444  451  454
  6
  20  90  143  249  482  492
  3
  235  334  377
  8
  2  32  79  164  225  317  350  365
  8
  44  64  80  99  272  283  308  433
  3
  15  361  395
  3
  52  53  352
  9
  5  33  39  49  52  61  199  281  430
  3
  225  248  373
  7
  1  63  115  204  405  452  477
  5
  132  162  273  314  334
  5
  1  142  250  387  389
  10
  121  124  177  284  310  314  327  406  427  450
  3
  131  165  347
  9
  22  32  68  182  266  333  387  476  491
  8
  10  20  62  68  288  296  372  436
  3
  16  142  282
  2
  34  140
  8
  161  229  232  294  321  351  369  480
  10
  63  166  185  189  213  219  227  376  403  444
  4
  165  273  380  495
  5
  82  255  392  395  486
  3
  30  99  306
  10
  192  256  277  279  288  310  360  377  458  491
  2
  163  345
  9
  30  93  222  374  375  388  426  459  494
  3
  89  136  324
  3
  325  346  365
  6
  23  26  311  354  388  429
  4
  47  305  407  495
  8
  9  14  248  258  363  427  490  498
  9
  48  61  94  97  158  184  313  408  466
  8
  83  178  248  280  379  390  467  481
  3
  31  355  380
  7
  189  274  307  311  351  379  438
  7
  13  185  194  208  266  315  335
  8
  18  158  171  245  258  330  433  448
  7
  223  251  284  334  362  400  438
  4
  4  305  348  399
  8
  34  44  90  112  156  239  420  432
  10
  11  54  127  213  304  306  311  335  444  463
  9
  20  92  192  327  335  356  369  436  449
  3
  85  260  366
  4
  27  32  73  120
  8
  135  241  317  321  349  381  399  458
  8
  6  17  33  214  285  302  383  401
  8
  59  128  168  218  331  344  388  404
  6
  20  58  93  141  395  398
  6
  126  170  187  194  207  448
  7
  9  30  49  146  192  465  482
  6
  152  165  194  367  438  466
  3
  3  153  208
  6
  70  286  387  399  416  435
  8
  67  89  167  314  346  381  449  500
  7
  32  195  210  304  325  360  408
  8
  106  132  155  248  326  343  370  496
  2
  219  499
  6
  46  177  192  348  368  500
  8
  10  20  159  208  258  279  320  368
  4
  152  345  437  499
  2
  56  175
  8
  30  125  147  171  253  352  422  468
  7
  5  30  49  86  190  191  371
  3
  59  171  298
  6
  3  12  42  135  171  476
  4
  155  235  317  475
  9
  21  33  74  87  94  194  319  453  464
  10
  46  201  212  232  242  268  280  356  359  387
  4
  74  225  431  485
  4
  9  348  368  371
  7
  1  117  124  153  256  267  459
  7
  24  181  230  264  377  454  464
  6
  36  104  155  205  247  431
  9
  34  83  127  252  278  314  318  362  465
  9
  4  71  124  190  258  302  433  438  489
  9
  2  14  25  26  37  95  413  456  471
  5
  35  79  126  358  491
  9
  65  189  253  306  315  344  409  477  490
  4
  69  110  411  414
  6
  159  172  253  265  323  420
  10
  27  51  52  87  107  192  214  316  344  437
  9
  63  277  330  341  394  460  471  495  500
  7
  82  116  140  218  315  421  442
  7
  127  159  191  285  324  380  469
  8
  108  151  226  258  297  363  424  495
  6
  136  244  299  320  326  435
  5
  167  240  260  304  311
  2
  152  304
  6
  26  301  423  468  480  500
  2
  290  368
  7
  58  83  171  186  209  305  471
  9
  54  77  105  137  142  166  247  377  421
  10
  9  89  117  127  142  286  353  403  420  455
  9
  126  132  179  190  253  303  473  483  491
  6
  31  125  159  165  235  418
  10
  20  33  133  188  189  211  238  356  405  426
  9
  7  28  90  124  195  292  445  453  459
  10
  44  51  54  63  97  176  184  234  300  436
  2
  153  332
  10
  2  24  112  172  188  258  333  398  425  471
  9
  39  74  75  270  288  340  350  355  388
  4
  120  154  250  361
  2
  196  383
  3
  39  128  322
  3
  21  162  198
  8
  84  112  174  199  262  358  366  374
  2
  193  458
  7
  228  238  290  309  357  371  456
  6
  34  61  66  170  186  427
  10
  2  16  27  31  91  155  271  348  423  443
  9
  29  45  47  76  179  182  345  355  485
  2
  15  491
  10
  81  104  139  166  237  252  273  374  466  499
  8
  6  43  85  100  167  390  416  482
  9
  39  92  97  108  150  313  326  342  417
  8
  83  310  340  345  352  369  430  481
  5
  63  107  113  245  438
  10
  46  64  94  114  206  291  296  412  423  455
  5
  93  182  304  415  441
  6
  77  134  196  299  300  431
  7
  119  176  210  237  346  388  413
  2
  207  465
  8
  89  221  279  319  353  407  425  443
  5
  42  218  296  412  441
  5
  73  146  263  292  444
  3
  81  219  295
  3
  77  369  478
  6
  86  90  328  336  429  473
  10
  5  122  175  200  347  356  386  387  400  423
  5
  50  130  305  451  458
  2
  78  469
  4
  2  34  180  387
  8
  87  104  171  255  326  337  364  461
  2
  60  356
  4
  140  333  453  466
  5
  49  80  164  245  465
  4
  74  119  234  354
  5
  32  236  333  371  395
  5
  25  68  205  222  299
  7
  94  112  167  235  311  364  475
  5
  34  103  389  400  407
  6
  60  166  220  329  431  433
  8
  76  91  103  164  167  232  301  375
  9
  8  85  181  203  336  364  417  463  479
  4
  213  323  429  462
  6
  9  59  110  320  349  410
  3
  242  260  453
  10
  29  51  182  188  229  265  276  340  362  452
  4
  54  181  255  419
  10
  14  66  186  191  208  285  369  423  434  459
  4
  57  103  167  494
  4
  377  382  395  404
  2
  233  373
  3
  266  314  416
  2
  188  451
  9
  126  185  199  229  311  327  328  378  490
  4
  29  67  76  487
  4
  117  171  172  316
  6
  6  197  231  446  467  491
  7
  78  280  326  384  396  454  489
  10
  28  49  75  78  92  105  178  239  348  483
  8
  29  81  218  271  281  295  439  461
  3
  12  265  369
  3
  65  414  459
  7
  95  143  290  324  379  413  497
  4
  50  66  76  370
  4
  34  96  368  462
  5
  97  334  376  408  492
  8
  49  135  217  358  370  468  472  477
  8
  10  21  25  49  208  363  383  485
  3
  238  312  333
  2
  140  424
  10
  35  57  63  101  218  295  311  355  389  487
  7
  8  58  282  383  388  445  484
  8
  52  65  151  243  453  465  482  489
  7
  25  55  103  178  260  336  406
  6
  91  97  236  248  324  343
  3
  95  414  495
  6
  37  52  276  327  397  421
  6
  8  123  179  307  342  463
  3
  57  267  345
  4
  7  311  336  419
  2
  200  296
  7
  18  71  138  198  235  319  395
  5
  82  265  268  433  468
  10
  30  35  247  356  363  409  428  439  445  483
  5
  193  194  238  436  462
  7
  12  17  179  195  336  423  500
  9
  40  89  95  111  267  307  335  480  500
  7
  79  91  219  265  272  407  478
  10
  24  54  67  117  137  165  204  230  234  400
  10
  62  63  64  67  94  116  267  305  369  395
  9
  46  89  95  130  176  190  271  381  462
  2
  114  424
  8
  99  110  211  307  427  440  447  498
  9
  23  25  153  159  174  253  265  287  491
  7
  53  57  61  285  393  395  445
  3
  30  203  395
  6
  7  25  61  287  444  464
  7
  12  13  199  252  255  412  493
  6
  18  123  285  302  315  360
  4
  84  370  384  468
  10
  13  34  91  103  145  160  377  468  482  491
  3
  47  95  263
  2
  321  484
  4
  25  52  338  364
  4
  107  274  328  454
  2
  134  219
  7
  118  137  164  182  323  352  455
  3
  346  351  424
  7
  38  85  188  235  251  263  344
  2
  229  436
  2
  362  422
  7
  76  190  282  340  403  433  499
  9
  54  86  103  122  168  220  365  461  488
  10
  33  133  141  165  234  411  420  437  441  464
  7
  102  175  244  248  458  466  470
  8
  54  84  107  160  221  326  373  495
  10
  4  130  151  196  261  281  342  370  374  404
  3
  49  78  104
  3
  70  165  360
  3
  32  144  314
  7
  21  67  75  118  171  336  472
  6
  123  179  181  322  396  495
  2
  163  177
  3
  60  188  443
  8
  56  79  163  168  184  236  308  368
  7
  170  174  182  224  269  307  372
  4
  44  301  410  494
  4
  14  53  189  487
  10
  27  71  156  171  182  206  267  275  351  422
  2
  209  464
  8
  166  230  333  339  346  359  425  462
  4
  147  194  325  460
  4
  106  240  282  371
  4
  9  142  318  407
  8
  25  124  142  327  358  359  403  456
  2
  119  340
  2
  353  470
  7
  25  128  220  363  374  381  443
  10
  1  22  143  153  201  240  322  342  357  364
  2
  250  390
  5
  15  51  65  214  464
  5
  64  212  226  259  328
  6
  86  187  209  273  339  383
  10
  156  194  204  218  230  320  378  394  452  500
  2
  271  418
  4
  102  174  259  416
  8
  195  248  354  415  452  454  455  482
  9
  32  39  119  201  237  311  361  426  461
  7
  116  157  201  237  248  308  409
  8
  106  219  228  342  381  407  471  494
  10
  40  66  164  207  220  241  460  463  469  492
  10
  95  107  134  193  312  379  384  421  448  472
  3
  360  475  493
  6
  63  65  314  369  476  496
  9
  31  88  89  139  155  179  207  419  434
  8
  4  15  93  98  198  221  375  483
  10
  48  107  136  193  196  219  334  363  398  480
  5
  113  175  194  331  347
  2
  115  222
  8
  21  53  115  144  210  275  328  474
  6
  83  256  339  428  475  500
  2
  110  205
  4
  30  154  281  476
  7
  51  76  184  267  304  355  484
  2
  128  231
  4
  1  135  342  412
  2
  182  241
  4
  79  115  150  207
  9
  26  70  113  228  263  398  459  465  478
  3
  6  38  147
  8
  100  186  321  324  343  355  397  500
  8
  19  59  124  167  327  467  471  494
  9
  2  60  129  156  226  231  329  405  418
  8
  49  56  188  203  249  397  405  437
  10
  1  45  61  63  215  255  292  357  365  489
  8
  10  104  172  212  320  368  388  389
  4
  179  370  391  408
  9
  15  60  130  187  202  337  370  408  481
  7
  119  132  345  427  481  491  495
  10
  32  98  110  139  186  213  244  330  336  382
  6
  101  112  214  219  226  440
  7
  4  71  146  172  273  281  406
  2
  228  456
  7
  45  100  143  194  242  263  360
  3
  113  203  387
  6
  45  165  215  278  323  491
  5
  113  114  218  274  473
  2
  236  441
  8
  146  150  185  243  305  365  414  483
  2
  194  383
  9
  10  148  162  244  328  348  410  419  493
  10
  54  127  217  230  298  350  381  416  449  479
  6
  28  108  139  147  438  473
  5
  111  153  233  466  475
  9
  86  97  102  146  208  212  256  258  320
  6
  7  63  84  119  240  288
  7
  96  135  241  253  257  415  458
  2
  161  401
  3
  210  310  443
  8
  51  188  334  383  446  462  473  485
  10
  52  140  178  257  266  270  277  314  419  434
  10
  3  31  49  66  314  315  328  343  378  393
  3
  194  313  493
  10
  81  119  166  171  216  222  303  323  411  434
  9
  63  68  74  86  163  205  242  275  411
  6
  168  247  261  306  392  494
  4
  66  255  264  398
  6
  127  163  276  317  368  485
  5
  98  242  261  343  462
  3
  34  181  368
  9
  61  142  264  292  328  367  403  446  490
  3
  62  268  436
  3
  132  316  375
  7
  191  209  259  322  407  447  500
  9
  2  42  44  96  127  203  277  354  445
  8
  57  106  124  147  202  231  241  415
  10
  172  191  194  200  250  313  323  363  384  441
  2
  264  496
  6
  77  175  216  236  270  318
  4
  263  339  455  498
  9
  34  189  221  229  238  329  383  432  452
  6
  104  170  199  360  399  484
  2
  87  310
  7
  4  98  130  188  291  483  488
  9
  14  59  217  323  340  389  426  458  463
  2
  45  338
  7
  58  142  167  226  248  282  459
  8
  25  223  299  384  392  400  444  450
  8
  54  66  94  262  280  289  426  497
  8
  48  55  79  147  271  418  467  480
  4
  4  50  239  251
  2
  151  397
  8
  108  200  365  374  399  433  442  491
  5
  53  69  125  443  482
  6
  266  276  384  487  492  493
  4
  52  318  399  484
  9
  65  100  138  192  210  354  357  431  481
  3
  295  355  374
  7
  123  169  292  305  309  426  450
  3
  1  240  482
  4
  83  146  280  477
  3
  155  254  386
  6
  11  15  43  126  399  426
  2
  152  494
  2
  112  269
  4
  17  77  89  293
  4
  151  159  337  393
  8
  43  131  181  236  286  341  354  422
  2
  276  500
  8
  19  50  60  83  193  309  460  491
  3
  94  116  440
  8
  46  61  133  174  331  453  478  487
  7
  17  229  285  348  411  421  422
  8
  1  11  70  137  179  265  346  390
  8
  23  88  173  183  196  225  405  414
  4
  42  118  306  337
  2
  300  380
  7
  36  139  194  198  202  408  435
  10
  43  118  129  185  280  338  394  459  488  495
  2
  232  336
  3
  32  72  223
  9
  58  59  163  249  266  422  465  481  497
  10
  69  74  80  100  162  178  248  263  440  459
  7
  19  261  268  270  309  318  414
  6
  61  105  135  141  217  410
  2
  290  378
  4
  8  107  152  206
  8
  165  191  245  293  377  382  453  458
  7
  101  107  226  246  404  410  458
  3
  180  217  235
  7
  1  70  74  87  95  335  346
  10
  45  111  133  137  139  235  264  271  295  382
  9
  3  56  109  176  252  253  283  348  452
  5
  33  102  157  329  487
  9
  106  121  216  272  288  296  312  345  452
  10
  13  38  177  192  295  364  380  392  399  465
  5
  148  346  348  355  402
  4
  218  250  296  358
  3
  69  403  495
  10
  20  86  194  229  260  266  291  442  453  492
  10
  66  75  93  159  257  294  326  328  365  449
  5
  7  208  397  423  432
  10
  21  29  102  151  268  293  381  471  489  496
  9
  45  50  67  152  274  284  337  415  449
  3
  128  487  489
  10
  27  38  72  79  280  292  315  373  380  462
  2
  98  238
  2
  292  398
  9
  9  134  168  272  286  341  360  392  412
  8
  40  150  178  179  317  411  468  470
  9
  63  225  227  330  397  434  473  481  497
  4
  13  156  198  250
  9
  6  98  140  192  194  217  253  347  428
  6
  51  200  231  253  424  486
  3
  161  435  462
  2
  29  322
  6
  135  203  278  391  401  482
  7
  102  277  304  329  348  401  439
  7
  32  64  86  103  108  120  209
  6
  54  58  163  173  375  393
  5
  149  162  174  206  388
  6
  29  105  130  247  356  447
  5
  52  60  90  144  494
  9
  21  118  119  178  252  255  336  445  455
  5
  153  167  220  362  483
  8
  127  178  243  263  333  425  438  473
  5
  78  121  215  391  405
  3
  161  296  353
  10
  7  59  63  104  165  223  317  427  457  465
  2
  219  396
  9
  60  129  251  260  272  368  466  472  497
  8
  17  108  116  119  125  299  304  420
  7
  51  128  151  332  418  450  493
  3
  69  267  437
  2
  61  366
  5
  78  84  168  340  350
  8
  30  91  144  151  317  348  372  492
  5
  65  247  274  315  450
  2
  204  476
  7
  38  91  121  192  278  382  495
  6
  53  130  151  282  374  414
  8
  3  7  35  87  242  252  282  476
  2
  273  302
  9
  3  27  69  84  130  186  282  314  356
  5
  68  240  263  325  378
  5
  30  85  93  153  195
  10
  7  16  83  113  171  268  340  387  416  477
  3
  45  215  469
  8
  26  42  64  249  277  289  365  416
  9
  16  37  134  148  368  403  404  473  491
  6
  44  165  214  222  261  494
  9
  24  109  237  258  276  314  400  440  458
  9
  72  129  151  296  360  371  379  398  443
  4
  4  187  426  473
  6
  1  12  29  264  297  318
  2
  215  404
  10
  7  16  115  126  169  196  334  351  355  434
  8
  5  35  132  180  182  231  368  418
  4
  125  186  221  382
  3
  157  399  432
  8
  120  216  278  327  372  404  429  469
  4
  47  202  278  369
  7
  42  203  253  295  324  392  470
  7
  14  43  138  161  376  397  467
  3
  185  242  279
  7
  150  152  301  320  361  399  451
  8
  113  161  184  215  223  244  250  305
  9
  85  121  172  201  216  298  312  337  499
  8
  14  124  204  217  345  357  443  491
  8
  46  53  93  167  316  376  494  498
  3
  111  305  500
  3
  159  266  456
  7
  11  24  54  127  259  421  450
  4
  37  131  196  397
  4
  149  348  425  474
  7
  32  36  166  191  208  337  441
  6
  7  34  70  296  328  422
  2
  280  419
  2
  234  246
  2
  44  309
  9
  9  119  167  218  303  324  412  436  482
  7
  145  203  287  395  426  437  443
  5
  42  130  198  289  456
  3
  135  270  496
  6
  21  123  297  351  391  477
  4
  24  117  382  397
  8
  127  221  310  330  364  375  423  452
  4
  176  240  326  412
  4
  49  51  256  490
  4
  51  86  273  397
  4
  185  348  445  487
  6
  179  182  342  358  382  440
  2
  355  446
  9
  25  115  126  217  244  315  337  383  491
  9
  78  95  170  215  267  315  333  481  495
  10
  10  57  137  159  217  275  362  365  433  436
  9
  78  82  162  272  313  371  458  472  500
  6
  43  245  246  285  381  488
  5
  92  246  274  305  488
  5
  143  161  263  311  499
  10
  35  43  175  178  272  286  287  290  322  362
  9
  39  105  153  234  250  271  407  417  491
  3
  27  72  394
  7
  125  212  407  449  475  493  500
  4
  251  356  438  490
  4
  167  263  374  407
  6
  46  74  109  157  448  500
  4
  235  308  315  332
  3
  139  160  452
  9
  46  63  154  182  261  268  338  412  415
  2
  136  258
  7
  41  79  138  203  249  401  469
  7
  19  34  123  296  305  307  469
  5
  37  215  252  327  381
  6
  72  108  150  175  280  315
  5
  21  171  428  460  492
  3
  58  79  99
  2
  229  445
  6
  8  107  299  373  378  442
  4
  107  261  314  425
  10
  55  59  64  128  143  198  268  318  413  416
  7
  11  76  152  159  177  321  362
  2
  29  122
  5
  152  203  280  388  411
  6
  64  79  110  396  398  453
  3
  170  326  468
  3
  98  206  257
  8
  7  35  238  396  416  420  467  494
  3
  170  263  391
  10
  29  88  161  227  250  279  287  297  324  442
  8
  104  105  222  242  322  341  354  397
  7
  56  286  288  302  316  378  498
  4
  149  184  187  270
  3
  157  223  451
  6
  3  101  151  235  336  381
  4
  28  56  155  445
  9
  108  154  158  202  220  254  373  384  448
  8
  185  207  280  304  310  313  340  401
  7
  15  17  90  122  124  251  419
  5
  235  264  399  409  435
  10
  79  86  184  259  313  336  365  430  460  466
  6
  83  161  320  446  452  494
  7
  38  252  254  301  308  320  328
  9
  61  110  177  203  213  267  297  421  433
  7
  44  80  144  180  206  318  319
  4
  107  177  178  421
  9
  46  50  214  287  293  316  394  463  464
  5
  71  116  127  391  496
  9
  4  96  111  160  192  221  299  356  458
  6
  3  97  224  335  345  452
  9
  30  90  129  162  181  211  319  378  439
  5
  46  223  250  281  457
  8
  20  106  220  233  276  354  364  393
  7
  103  199  204  248  249  371  406
  6
  5  11  116  150  168  363
  2
  186  275
  9
  45  85  139  144  151  193  336  482  488
  2
  67  142
  10
  37  91  104  177  223  304  354  366  409  454
  9
  133  142  229  314  336  337  444  485  492
  6
  27  71  141  220  398  404
  3
  120  268  280
  10
  33  36  51  84  97  167  190  222  381  413
  2
  121  127
  10
  51  92  125  174  214  322  354  377  434  471
  5
  10  60  227  261  482
  3
  148  428  452
  6
  66  335  362  407  460  482
  9
  34  99  113  117  217  227  307  483  486
  8
  25  59  163  185  202  350  412  477
  8
  48  144  178  181  343  351  373  478
  8
  22  44  166  192  314  447  460  487
  10
  5  46  130  144  218  291  318  430  450  477
  9
  15  76  95  156  174  257  379  466  499
  6
  113  196  301  432  475  500
  9
  32  69  90  92  115  182  214  388  475
  4
  77  162  176  474
  9
  68  83  225  265  281  306  339  431  490
  6
  28  176  258  263  385  454
  10
  58  110  137  164  185  193  229  265  320  401
  5
  12  44  316  353  442
  4
  38  52  341  361
  10
  46  126  199  239  242  253  416  425  457  498
  5
  54  60  196  317  355
  6
  38  142  197  256  276  373
  8
  15  119  199  241  310  350  391  487
  5
  98  209  246  399  413
  6
  35  108  136  138  276  467
  5
  149  221  285  325  418
  4
  43  293  391  498
  7
  60  146  157  233  243  246  359
  8
  37  81  83  198  203  223  334  428
  3
  80  311  437
  9
  9  10  166  177  247  266  359  403  430
  2
  12  451
  9
  38  115  202  204  253  255  279  336  490
  3
  8  67  421
  8
  11  115  145  183  199  292  317  318
  4
  18  36  167  182
  5
  333  335  370  392  489
  4
  67  282  345  444
  10
  16  37  98  146  163  188  229  289  491  494
  7
  16  82  89  118  216  271  309
  9
  102  144  276  362  373  416  421  443  468
  7
  14  52  91  273  417  433  476
  3
  110  389  488
  4
  23  269  411  480
  4
  173  452  474  486
  4
  82  188  273  385
  7
  22  64  81  140  170  270  327
  7
  136  209  362  365  407  451  488
  8
  85  187  352  377  479  482  485  499
  7
  173  192  290  391  425  494  500
  9
  58  84  166  189  322  344  353  424  449
  8
  81  123  145  322  395  403  404  458
  8
  8  65  96  378  385  415  446  495
  4
  90  303  429  478
  3
  49  182  271
  7
  16  41  48  85  91  393  476
  6
  207  264  283  390  395  437
  8
  150  166  214  220  223  354  383  459
  6
  37  126  141  162  308  420
  6
  23  114  256  266  315  425
  3
  309  406  422
  5
  57  153  218  260  296
  10
  29  81  134  159  167  179  344  349  453  496
  8
  11  200  219  231  311  340  377  466
  9
  8  9  78  160  213  277  323  366  451
  7
  24  82  137  179  252  385  467
  3
  121  280  327
  10
  58  80  110  222  313  331  335  390  418  433
  9
  27  69  143  279  398  399  423  462  487
  4
  53  185  317  405
  5
  16  25  58  214  276
  7
  66  130  224  324  430  466  500
  2
  104  465
  8
  3  103  106  226  231  300  470  489
  5
  25  151  238  442  461
  10
  12  64  164  197  272  315  392  393  430  495
  5
  42  179  267  277  409
  9
  67  134  145  168  207  243  267  274  322
  3
  240  276  315
  3
  206  227  239
  4
  49  75  229  241
  6
  9  175  276  309  328  498
  4
  34  203  389  456
  9
  90  100  186  223  287  310  362  424  492
  6
  44  110  129  162  254  482
  4
  28  194  258  295
  2
  232  433
  6
  10  58  60  108  286  409
  9
  23  29  47  96  146  195  229  297  377
  7
  10  49  50  268  335  420  442
  5
  114  285  307  312  390
  4
  347  387  400  414
  9
  20  55  113  140  182  204  222  286  454
  7
  6  66  92  183  240  374  418
  8
  64  168  224  236  309  352  360  365
  5
  18  30  119  123  292
  5
  26  259  282  310  343
  10
  23  34  86  119  169  274  390  415  456  498
  10
  16  68  124  174  344  383  406  440  441  495
  4
  147  153  262  288
  5
  187  355  444  476  487
  10
  107  170  187  226  312  328  352  353  356  479
  5
  22  27  41  146  304
  10
  90  129  197  221  225  298  329  392  489  490
  3
  216  488  490
  4
  118  119  394  487
  4
  9  107  462  474
  7
  109  186  190  220  286  395  454
  8
  90  222  324  353  354  392  399  494
  4
  28  337  359  440
  2
  56  335
  2
  19  441
  2
  45  327
  5
  32  309  349  351  466
  7
  28  31  45  101  140  257  430
  6
  91  162  168  213  278  429
  3
  56  185  190
  2
  110  176
  6
  30  101  130  272  327  441
  2
  89  171
  6
  101  111  312  333  412  414
  4
  233  318  349  380
  3
  76  159  354
  2
  461  489
  5
  32  52  151  205  466
  6
  2  5  23  30  371  442
  2
  409  482
  10
  9  94  100  114  132  201  255  373  498  500
  6
  73  349  362  406  439  459
  5
  53  81  105  187  406
  10
  88  164  174  198  242  277  310  346  355  377
  10
  140  170  206  236  240  269  272  274  395  420
  5
  47  156  189  305  489
  9
  16  28  150  179  225  271  275  408  460
  5
  141  185  332  379  488
  4
  59  157  306  493
  6
  29  100  121  208  229  375
  5
  102  206  258  275  375
  6
  100  230  254  315  345  428
  10
  21  29  152  159  173  226  297  313  460  482
  8
  19  37  133  181  231  239  265  410
  2
  96  186
  6
  13  132  197  211  341  438
  9
  23  41  176  253  266  268  373  378  383
  5
  109  152  207  210  487
  3
  57  182  302
  9
  83  95  166  167  260  435  443  449  494
  3
  149  280  421
  3
  121  182  285
  7
  56  77  125  395  399  406  498
  9
  31  118  126  160  230  233  251  393  397
  3
  267  320  493
  9
  46  48  85  134  156  199  386  399  425
  4
  309  312  414  430
  8
  19  21  60  224  246  272  320  375
  2
  49  414
  6
  99  204  294  314  380  421
  2
  78  399
  8
  43  125  164  193  337  367  423  494
  4
  44  80  122  446
  7
  35  41  399  412  428  440  495
  6
  182  217  373  408  422  479
  4
  65  238  343  351
  7
  79  98  151  208  310  388  427
  4
  220  287  451  463
  5
  98  149  297  403  421
  9
  52  53  77  195  243  394  425  472  478
  4
  198  255  478  500
  2
  243  336
  4
  77  93  207  418
  10
  72  88  112  131  262  282  291  318  391  431
  3
  79  112  324
  2
  217  257
  4
  8  285  288  369
  8
  32  118  271  274  275  342  383  460
  8
  55  87  91  92  122  194  384  438
  6
  38  55  176  244  347  360
  5
  206  283  302  362  437
  9
  180  231  248  329  368  379  389  398  411
  10
  10  34  108  126  181  204  413  430  462  492
  10
  109  162  227  259  320  348  357  380  427  463
  2
  76  309
  6
  120  156  269  274  442  483
  7
  12  89  163  299  336  395  428
  7
  108  173  193  210  215  441  478
  2
  410  443
  3
  49  135  363
  10
  114  134  195  245  299  325  357  372  388  409
  9
  37  53  80  152  209  212  344  362  475
  2
  83  279
  7
  6  40  67  81  237  307  496
  6
  21  73  91  140  217  447
  7
  84  97  137  232  303  336  473
  2
  350  408
  7
  13  14  62  101  159  285  304
  9
  33  143  145  194  209  238  346  386  463
  9
  32  98  118  186  342  382  415  444  495
  6
  4  40  237  264  280  330
  4
  204  292  298  300
  10
  23  94  113  120  322  382  419  432  474  480
  2
  90  128
  5
  240  302  335  345  383
  8
  27  208  325  335  339  404  423  469
  9
  72  141  212  238  278  298  355  438  469
  4
  147  188  299  412
  9
  114  123  149  282  291  294  353  407  480
  2
  154  298
  7
  111  172  196  200  216  271  491
  8
  26  82  96  388  402  439  441  474
