  1500  500
  1  1  1  1  1  1  1  1  1  1  1  1  1  1  1  1  1  1  1  1  1  1  1  1  1  1  1  1  1  1  1  1  1  1  1  1  1  1  1  1  1  1  1  1  1  1  1  1  1  1  1  1  1  1  1  1  1  1  1  1  1  1  1  1  1  1  1  1  1  1  1  1  1  1  1  1  1  1  1  1  1  1  1  1  1  1  1  1  1  1  1  1  1  1  1  1  1  1  1  1  1  1  1  1  1  1  1  1  1  1  1  1  1  1  1  1  1  1  1  1  1  1  1  1  1  1  1  1  1  1  1  1  1  1  1  1  1  1  1  1  1  1  1  1  1  1  1  1  1  1  1  1  1  1  1  1  1  1  1  1  1  1  1  1  1  1  1  1  1  1  1  1  1  1  1  1  1  1  1  1  1  1  1  1  1  1  1  1  1  1  1  1  1  1  1  1  1  1  1  1  1  1  1  1  1  1  1  1  1  1  1  1  1  1  1  1  1  1  1  1  1  1  1  1  1  1  1  1  1  1  1  1  1  1  1  1  1  1  1  1  1  1  1  1  1  1  1  1  1  1  1  1  1  1  1  1  1  1  1  1  1  1  1  1  1  1  1  1  1  1  1  1  1  1  1  1  1  1  1  1  1  1  1  1  1  1  1  1  1  1  1  1  1  1  1  1  1  1  1  1  1  1  1  1  1  1  1  1  1  1  1  1  1  1  1  1  1  1  1  1  1  1  1  1  1  1  1  1  1  1  1  1  1  1  1  1  1  1  1  1  1  1  1  1  1  1  1  1  1  1  1  1  1  1  1  1  1  1  1  1  1  1  1  1  1  1  1  1  1  1  1  1  1  1  1  1  1  1  1  1  1  1  1  1  1  1  1  1  1  1  1  1  1  1  1  1  1  1  1  1  1  1  1  1  1  1  1  1  1  1  1  1  1  1  1  1  1  1  1  1  1  1  1  1  1  1  1  1  1  1  1  1  1  1  1  1  1  1  1  1  1  1  1  1  1  1  1  1  1  1  1  1  1  1  1  1  1  1  1  1  1  1  1  1  1  1  1  1  1  1  1  1  1  1  1  1  1  1  1  1  1  1  1  1  1  1  1  1  1  1  1  1  1  1  1  1  1  1  1  1
  5
  11  182  213  225  298
  2
  77  456
  4
  107  144  416  433
  2
  284  347
  2
  203  487
  3
  147  269  441
  5
  40  163  260  393  491
  4
  245  361  396  477
  3
  306  324  373
  5
  80  143  234  355  476
  2
  118  444
  3
  73  334  371
  5
  60  225  253  255  267
  3
  57  61  287
  3
  29  302  347
  2
  25  460
  3
  109  264  388
  5
  224  405  422  470  488
  4
  96  210  229  480
  3
  8  114  441
  5
  119  138  282  418  465
  3
  117  147  467
  3
  34  102  432
  5
  87  222  245  253  398
  2
  170  270
  4
  55  170  224  384
  5
  198  204  228  229  363
  5
  60  61  316  356  362
  4
  36  204  249  433
  3
  8  136  218
  3
  17  85  98
  5
  136  145  168  226  356
  5
  16  52  225  272  445
  2
  200  404
  2
  170  493
  3
  174  383  423
  5
  221  243  410  425  499
  4
  38  100  335  393
  5
  113  143  196  272  306
  3
  116  214  235
  4
  80  121  330  484
  5
  66  130  370  391  425
  4
  194  222  414  419
  2
  343  426
  3
  341  342  464
  2
  378  495
  3
  82  190  418
  5
  134  142  171  294  401
  3
  153  195  358
  3
  120  248  371
  2
  145  332
  4
  14  252  278  292
  3
  129  267  275
  3
  90  268  321
  5
  151  156  159  246  422
  4
  102  247  297  442
  3
  87  147  265
  5
  84  122  139  339  498
  4
  38  384  395  466
  5
  89  116  317  331  483
  2
  137  438
  4
  32  162  178  324
  2
  292  451
  5
  45  46  99  401  435
  4
  43  184  391  424
  5
  132  307  413  414  488
  5
  60  111  198  465  486
  3
  34  320  369
  3
  250  272  467
  4
  64  106  362  416
  5
  329  351  441  497  498
  5
  18  172  301  349  373
  5
  106  151  193  352  493
  5
  45  91  339  376  439
  2
  20  300
  2
  340  487
  4
  194  335  437  438
  4
  52  56  276  347
  4
  40  180  330  413
  5
  146  163  260  425  433
  4
  153  285  396  491
  2
  53  182
  4
  115  227  327  466
  5
  62  172  278  434  474
  3
  231  303  369
  5
  172  301  319  336  349
  3
  92  339  362
  3
  296  398  495
  2
  59  271
  4
  173  230  380  424
  4
  261  272  378  491
  3
  75  304  363
  5
  146  252  262  296  472
  3
  14  153  270
  2
  139  437
  3
  52  86  492
  3
  29  212  386
  3
  126  258  267
  4
  52  172  195  274
  3
  120  223  448
  2
  340  436
  5
  115  135  154  404  411
  3
  136  221  417
  4
  59  411  453  457
  2
  252  297
  4
  58  65  141  217
  5
  60  104  194  257  297
  5
  43  183  320  425  456
  3
  2  59  490
  3
  11  220  450
  2
  228  381
  4
  113  204  304  458
  4
  106  222  410  446
  5
  1  22  216  283  431
  2
  127  267
  2
  288  487
  4
  79  125  432  477
  5
  13  39  59  87  287
  5
  41  42  156  257  499
  5
  28  35  191  264  317
  2
  64  461
  2
  100  358
  2
  293  440
  2
  237  409
  3
  23  47  65
  4
  25  209  273  358
  5
  33  43  98  137  465
  2
  210  321
  2
  126  266
  4
  274  444  466  490
  2
  339  408
  2
  281  482
  2
  50  122
  4
  48  49  209  241
  2
  175  375
  5
  17  61  109  146  222
  2
  402  481
  3
  101  150  438
  5
  17  45  213  370  477
  2
  77  478
  5
  55  252  454  460  477
  3
  170  208  365
  5
  11  120  193  254  373
  5
  23  90  228  340  355
  5
  47  116  199  390  498
  3
  113  155  477
  5
  307  334  430  442  460
  4
  273  278  339  468
  2
  181  369
  3
  235  240  488
  5
  39  263  292  445  468
  2
  55  133
  2
  194  307
  2
  226  236
  5
  126  185  267  437  438
  3
  90  120  292
  5
  51  124  241  319  387
  2
  9  362
  2
  185  464
  3
  8  91  239
  5
  28  260  338  483  492
  2
  96  326
  4
  71  230  385  399
  2
  477  485
  4
  47  143  180  347
  4
  121  172  237  339
  3
  374  443  488
  5
  175  302  303  438  465
  2
  248  452
  3
  38  118  303
  3
  193  254  473
  3
  169  233  343
  3
  180  212  304
  2
  164  437
  3
  83  95  431
  2
  81  89
  2
  38  152
  4
  2  37  167  380
  2
  244  321
  4
  92  279  416  425
  2
  274  366
  3
  15  250  424
  2
  4  395
  5
  73  250  356  462  500
  4
  13  189  308  367
  4
  118  363  396  489
  4
  30  158  239  453
  4
  59  141  312  396
  2
  38  168
  3
  3  160  333
  3
  187  262  436
  5
  156  320  328  437  461
  5
  7  156  279  280  420
  2
  126  307
  2
  5  193
  4
  86  103  273  329
  5
  15  220  344  399  475
  3
  25  265  280
  5
  56  71  138  181  427
  5
  47  103  179  300  430
  2
  295  470
  3
  139  230  403
  3
  312  321  476
  4
  270  307  349  431
  2
  74  384
  4
  54  123  136  478
  2
  144  384
  2
  169  271
  2
  28  113
  2
  99  353
  4
  15  310  406  439
  2
  138  395
  5
  93  120  281  301  357
  5
  123  162  207  242  262
  3
  54  325  461
  3
  63  75  326
  4
  111  454  469  495
  2
  234  266
  5
  7  102  152  348  436
  2
  85  294
  3
  171  241  302
  2
  53  355
  3
  294  337  385
  4
  159  217  267  408
  4
  5  204  427  433
  4
  18  22  88  235
  4
  44  129  346  497
  2
  56  84
  4
  50  111  277  446
  4
  160  284  355  368
  5
  21  138  205  265  377
  3
  47  57  352
  3
  107  220  350
  4
  27  45  143  226
  5
  32  65  152  159  210
  3
  158  272  326
  5
  159  195  257  350  429
  5
  81  172  288  309  425
  5
  1  178  212  368  411
  3
  82  337  457
  4
  47  55  106  111
  3
  236  353  468
  5
  43  72  193  360  493
  3
  260  270  475
  4
  6  31  228  241
  4
  73  121  222  238
  5
  37  95  149  328  332
  5
  53  114  180  219  231
  4
  21  226  406  452
  5
  2  63  190  224  384
  4
  55  209  381  401
  3
  59  166  281
  5
  9  30  118  147  314
  3
  203  240  256
  5
  10  155  186  189  280
  5
  35  219  308  456  467
  2
  50  480
  5
  124  151  291  423  466
  4
  73  182  281  492
  5
  55  194  288  365  389
  2
  72  414
  5
  150  264  295  304  321
  5
  132  285  311  318  419
  3
  213  273  470
  2
  83  298
  3
  94  236  370
  3
  196  364  402
  4
  48  98  194  280
  5
  43  267  285  386  438
  5
  68  186  210  411  477
  4
  66  139  140  336
  2
  8  465
  5
  51  70  266  363  376
  5
  133  240  436  465  493
  3
  17  73  315
  3
  121  396  439
  4
  19  28  73  368
  4
  110  356  408  479
  5
  100  139  196  240  376
  2
  15  460
  2
  93  495
  2
  112  489
  4
  207  238  338  465
  3
  85  286  344
  2
  356  454
  4
  206  258  302  441
  2
  383  466
  4
  93  131  394  435
  5
  92  145  163  257  408
  2
  238  455
  4
  271  319  430  472
  5
  52  54  57  66  218
  3
  60  360  491
  2
  344  386
  4
  121  169  330  379
  5
  131  261  274  433  451
  5
  38  270  374  414  458
  5
  209  274  365  430  435
  5
  17  24  214  239  426
  2
  280  316
  3
  97  129  231
  3
  111  165  304
  5
  73  112  257  275  372
  2
  146  297
  2
  249  355
  5
  208  270  369  417  427
  5
  4  108  152  367  399
  3
  357  373  456
  3
  51  169  407
  2
  169  353
  4
  41  61  386  460
  2
  141  193
  5
  11  23  156  427  456
  2
  142  372
  2
  198  406
  2
  243  246
  5
  1  28  98  347  441
  4
  310  357  379  470
  3
  90  260  400
  3
  196  207  386
  2
  101  226
  2
  193  466
  4
  78  243  283  488
  4
  44  194  358  461
  2
  199  299
  4
  2  263  269  284
  5
  152  169  253  421  455
  5
  22  80  158  271  463
  2
  102  444
  4
  239  266  402  478
  2
  229  451
  2
  40  190
  3
  50  363  437
  5
  45  178  181  315  355
  2
  33  169
  3
  239  380  492
  2
  15  438
  2
  181  205
  3
  249  314  359
  2
  13  63
  2
  109  172
  5
  22  109  214  413  446
  5
  42  82  260  293  499
  5
  16  149  378  408  470
  2
  22  193
  3
  4  31  393
  3
  40  73  258
  4
  125  148  162  239
  5
  232  329  333  353  462
  5
  27  294  393  464  486
  2
  5  332
  2
  55  334
  4
  17  163  273  464
  2
  273  395
  4
  128  295  458  464
  2
  315  342
  2
  136  310
  3
  72  125  205
  4
  28  78  160  367
  3
  137  349  483
  5
  15  198  280  325  411
  4
  136  164  387  474
  3
  165  169  287
  5
  95  127  143  217  289
  5
  46  184  225  280  418
  4
  53  106  243  494
  2
  155  282
  4
  215  324  396  428
  5
  90  125  154  292  441
  4
  25  126  224  246
  3
  161  166  191
  5
  22  44  198  370  499
  2
  9  78
  4
  62  76  274  278
  2
  198  207
  5
  142  332  333  390  446
  5
  234  443  456  459  497
  2
  191  445
  3
  77  82  413
  5
  151  179  282  339  345
  3
  339  406  461
  3
  353  430  493
  2
  175  213
  3
  354  445  480
  2
  170  395
  4
  116  149  208  346
  4
  79  98  271  429
  3
  101  298  380
  2
  40  249
  5
  210  265  345  383  446
  2
  142  358
  3
  29  209  257
  4
  78  108  185  216
  2
  77  297
  3
  87  198  315
  4
  11  128  145  146
  2
  98  263
  3
  44  342  453
  5
  316  363  403  432  479
  4
  43  230  331  341
  2
  65  493
  2
  238  300
  3
  424  456  500
  2
  110  392
  3
  138  274  408
  3
  164  273  471
  4
  48  153  401  410
  2
  180  392
  2
  374  382
  3
  45  180  391
  2
  29  407
  2
  59  344
  4
  77  200  322  479
  5
  186  307  348  390  478
  3
  67  439  480
  3
  65  154  290
  5
  14  239  277  324  449
  5
  39  153  256  313  368
  2
  197  207
  3
  165  177  188
  5
  85  89  133  267  412
  2
  434  461
  3
  126  220  250
  4
  171  238  253  276
  5
  18  143  166  193  481
  3
  234  336  494
  4
  79  210  372  424
  5
  140  145  212  341  422
  5
  119  164  215  286  368
  5
  61  86  285  362  445
  3
  37  114  338
  3
  103  254  456
  5
  93  197  358  388  412
  3
  37  338  460
  4
  301  434  438  470
  2
  199  417
  4
  208  235  317  380
  2
  217  350
  3
  299  356  398
  3
  25  172  488
  2
  232  480
  3
  303  384  416
  2
  195  374
  3
  66  244  377
  4
  111  222  356  493
  5
  93  155  170  389  450
  5
  20  82  315  348  361
  4
  250  293  427  471
  4
  22  42  269  366
  2
  65  467
  2
  20  99
  5
  112  124  232  434  482
  2
  301  320
  5
  93  187  288  438  466
  5
  25  248  344  422  427
  4
  99  112  142  274
  2
  201  252
  3
  204  361  434
  5
  166  216  284  293  448
  4
  9  164  235  400
  2
  261  474
  3
  28  77  405
  2
  69  175
  5
  279  303  394  417  492
  4
  343  377  413  441
  2
  120  164
  5
  26  145  160  203  472
  2
  104  424
  2
  202  302
  3
  139  170  462
  3
  253  297  332
  2
  57  184
  2
  206  492
  5
  32  318  465  481  487
  5
  86  103  112  246  259
  3
  80  229  298
  5
  168  179  370  403  465
  5
  42  105  224  339  497
  2
  10  426
  2
  11  372
  5
  2  203  338  354  430
  4
  23  90  131  266
  3
  45  346  482
  3
  67  198  400
  3
  16  356  473
  4
  71  117  136  297
  3
  168  319  339
  2
  151  295
  4
  75  182  236  467
  2
  281  399
  3
  95  192  480
  4
  15  112  135  300
  2
  121  386
  2
  357  417
  4
  117  139  188  373
  5
  14  133  144  422  481
  3
  162  172  222
  3
  10  178  470
  5
  34  208  297  298  437
  5
  23  40  66  387  419
  4
  66  170  468  494
  3
  48  408  466
  5
  29  112  157  233  454
  4
  25  44  204  323
  5
  5  192  256  280  281
  5
  180  193  243  384  397
  2
  105  123
  2
  146  181
  4
  128  265  413  448
  5
  124  282  321  465  484
  4
  50  321  427  452
  3
  2  60  480
  5
  8  114  214  236  248
  3
  246  296  301
  2
  280  317
  5
  8  82  184  351  462
  3
  10  108  224
  5
  44  52  185  203  476
  3
  113  452  474
  3
  52  291  393
  5
  226  376  390  401  448
  4
  78  205  217  358
  3
  279  292  387
  2
  24  292
  5
  36  127  243  304  403
  3
  41  153  444
  2
  213  299
  5
  154  265  393  440  460
  3
  191  286  497
  3
  373  410  440
  3
  56  78  265
  3
  282  321  358
  5
  126  149  290  375  448
  3
  75  206  278
  3
  85  172  199
  2
  121  155
  2
  306  461
  5
  79  91  213  342  427
  4
  17  121  221  345
  4
  41  189  315  335
  5
  104  173  250  364  382
  5
  72  215  321  371  499
  4
  145  260  475  491
  5
  311  317  368  370  424
  4
  11  252  325  416
  4
  29  95  186  437
  3
  104  239  254
  3
  202  280  300
  5
  80  192  432  451  454
  5
  170  288  391  468  484
  3
  46  493  499
  2
  244  332
  3
  261  367  496
  3
  178  257  328
  2
  41  404
  4
  146  168  425  450
  5
  141  159  258  260  424
  5
  62  121  157  234  313
  5
  256  277  321  407  465
  2
  55  296
  3
  225  353  376
  5
  113  164  267  408  415
  3
  77  159  191
  5
  76  145  270  297  457
  3
  30  92  384
  5
  72  209  239  459  460
  5
  73  311  423  443  499
  2
  79  153
  2
  337  444
  5
  118  257  298  385  444
  2
  4  164
  5
  59  144  176  447  465
  5
  121  182  435  481  490
  4
  25  58  76  490
  4
  122  346  364  378
  4
  47  200  314  368
  2
  44  252
  4
  24  302  385  463
  5
  56  138  272  400  495
  5
  88  284  361  403  490
  3
  45  326  421
  2
  155  259
  5
  144  228  234  270  276
  2
  19  412
  2
  410  466
  5
  28  120  201  382  443
  4
  79  298  313  417
  2
  226  389
  4
  151  224  259  477
  5
  43  197  221  246  485
  2
  147  460
  2
  167  477
  3
  210  389  454
  5
  267  293  337  360  410
  4
  78  134  174  475
  5
  171  205  257  280  341
  2
  242  294
  5
  112  128  216  299  384
  5
  8  142  322  395  457
  4
  2  437  486  490
  3
  23  34  141
  4
  147  218  436  481
  3
  246  273  499
  2
  64  444
  3
  104  259  359
  4
  178  328  361  404
  2
  491  498
  5
  63  145  182  194  352
  3
  278  365  478
  2
  20  400
  3
  47  230  396
  2
  314  351
  3
  3  18  478
  4
  31  62  229  259
  3
  78  274  498
  5
  134  225  391  476  498
  2
  275  363
  2
  331  401
  3
  71  178  194
  2
  1  378
  3
  1  475  480
  4
  66  139  336  493
  4
  127  203  210  237
  3
  324  363  470
  3
  63  215  405
  5
  126  201  213  231  239
  4
  206  233  366  459
  5
  60  266  269  319  330
  2
  179  280
  4
  209  285  445  475
  3
  13  349  473
  3
  189  372  442
  4
  156  205  430  445
  2
  307  344
  4
  81  178  457  481
  5
  109  113  148  266  470
  2
  121  301
  2
  316  380
  5
  174  190  208  263  378
  5
  197  316  338  423  455
  3
  178  388  452
  4
  66  110  238  246
  4
  19  208  424  467
  2
  46  457
  3
  41  50  115
  4
  193  207  210  214
  2
  147  215
  4
  86  210  348  391
  3
  22  34  77
  4
  156  392  410  444
  2
  242  348
  5
  13  117  186  204  418
  2
  150  481
  2
  125  224
  5
  31  75  181  202  470
  2
  55  194
  2
  449  456
  5
  216  319  381  412  495
  5
  208  213  248  251  441
  3
  162  251  452
  2
  100  301
  5
  1  10  95  120  374
  2
  267  367
  4
  140  258  408  433
  4
  411  438  469  497
  5
  157  399  419  442  460
  2
  65  102
  2
  77  118
  3
  116  194  446
  2
  230  267
  5
  50  51  134  225  450
  5
  3  19  160  271  274
  5
  40  148  257  348  406
  3
  317  421  438
  3
  174  312  371
  4
  114  421  476  489
  5
  80  315  323  476  495
  2
  104  387
  4
  18  74  154  320
  4
  266  308  443  457
  5
  69  72  125  140  217
  2
  257  336
  5
  10  38  369  454  477
  3
  181  254  429
  4
  89  156  176  457
  5
  47  55  65  355  469
  3
  404  422  426
  5
  65  170  339  464  497
  3
  14  260  440
  4
  79  200  337  357
  5
  75  174  323  351  390
  3
  40  108  221
  4
  8  122  166  368
  4
  68  166  446  491
  2
  328  435
  5
  56  109  175  349  375
  4
  67  169  177  435
  4
  20  96  400  426
  2
  344  402
  4
  345  350  358  462
  3
  57  328  492
  2
  253  263
  5
  7  46  215  439  455
  5
  170  199  306  369  473
  4
  97  182  358  487
  2
  70  260
  5
  23  91  115  193  360
  2
  288  345
  4
  4  90  300  355
  4
  165  415  431  459
  2
  85  430
  5
  28  158  475  493  495
  3
  204  358  363
  4
  42  170  198  414
  3
  90  258  470
  5
  31  129  246  360  435
  3
  31  365  460
  2
  198  436
  3
  191  202  228
  3
  9  273  337
  5
  79  114  120  187  486
  2
  7  236
  4
  24  57  360  410
  2
  149  388
  5
  52  141  184  220  441
  4
  294  341  446  456
  3
  290  437  444
  5
  246  252  288  421  455
  2
  8  283
  4
  143  300  338  397
  5
  24  47  316  371  401
  3
  13  330  404
  3
  214  246  404
  3
  267  337  494
  3
  200  228  385
  5
  73  95  361  431  468
  2
  77  80
  3
  62  256  269
  3
  118  183  386
  3
  154  176  474
  3
  49  363  446
  3
  132  197  243
  2
  151  427
  3
  147  233  270
  5
  99  328  338  443  488
  5
  10  76  166  275  441
  4
  153  342  465  493
  4
  165  272  295  455
  4
  29  360  492  495
  3
  23  177  327
  4
  161  229  240  438
  3
  53  273  494
  3
  342  402  484
  4
  201  270  417  489
  5
  290  372  373  386  468
  4
  49  64  279  466
  3
  121  335  453
  5
  270  271  283  462  496
  4
  44  228  427  429
  4
  141  328  482  492
  5
  70  259  428  452  457
  4
  89  114  233  446
  4
  1  40  116  170
  2
  23  430
  5
  340  377  378  397  498
  5
  128  209  304  419  423
  3
  297  370  392
  3
  328  421  437
  5
  225  243  286  404  412
  3
  22  357  399
  4
  31  38  344  391
  3
  13  81  262
  3
  103  231  404
  5
  18  77  175  363  411
  3
  398  486  494
  2
  375  403
  4
  54  86  187  490
  3
  123  384  387
  5
  3  8  22  26  497
  3
  270  351  439
  2
  355  363
  5
  309  318  328  419  496
  3
  131  214  443
  2
  177  208
  3
  213  284  378
  3
  185  352  364
  4
  9  366  379  436
  3
  167  408  422
  2
  64  113
  5
  37  216  252  428  440
  3
  80  81  421
  4
  40  91  268  484
  3
  155  437  468
  2
  89  185
  2
  362  401
  4
  8  233  234  261
  5
  23  209  292  309  409
  2
  281  319
  2
  155  485
  3
  290  354  434
  2
  126  384
  2
  23  321
  5
  83  84  234  405  419
  3
  48  117  137
  2
  14  358
  2
  90  311
  2
  261  266
  4
  288  353  427  463
  3
  345  356  397
  3
  12  40  370
  4
  148  385  450  493
  4
  94  145  239  244
  4
  162  268  363  491
  2
  100  246
  5
  84  174  215  323  498
  5
  48  78  205  341  387
  4
  103  137  198  472
  2
  76  386
  5
  23  240  298  401  475
  5
  21  305  360  451  491
  5
  34  55  390  429  458
  5
  8  18  68  98  323
  4
  9  170  220  257
  2
  20  457
  5
  81  154  229  445  477
  3
  113  403  483
  2
  174  433
  3
  157  202  310
  2
  310  315
  3
  75  373  383
  3
  22  37  497
  2
  6  309
  4
  3  46  148  494
  2
  159  340
  5
  38  92  120  151  278
  3
  163  352  493
  5
  115  130  250  286  360
  4
  70  136  265  403
  4
  182  210  245  252
  5
  48  360  420  431  440
  5
  128  160  280  353  479
  2
  57  483
  3
  233  276  415
  4
  44  151  242  433
  3
  168  332  411
  5
  118  119  168  417  483
  2
  125  161
  3
  253  342  435
  3
  26  412  497
  5
  95  132  193  423  495
  4
  144  314  454  489
  5
  23  107  141  143  289
  4
  74  317  386  399
  2
  36  314
  4
  49  98  143  361
  3
  106  349  432
  3
  74  334  421
  5
  12  247  380  402  497
  5
  20  171  213  231  255
  5
  16  153  199  489  494
  2
  208  293
  3
  277  319  373
  3
  29  109  130
  3
  128  129  143
  5
  269  415  418  431  477
  3
  59  254  283
  5
  51  107  165  221  362
  4
  73  183  313  396
  4
  56  229  312  433
  4
  7  25  144  189
  2
  313  495
  4
  27  72  159  361
  5
  22  204  332  375  383
  2
  118  425
  5
  52  181  205  461  468
  3
  386  415  430
  5
  9  115  266  349  405
  4
  17  209  383  425
  5
  40  182  262  295  323
  5
  72  143  276  301  440
  3
  197  474  482
  3
  12  320  417
  3
  199  278  497
  2
  130  400
  2
  371  373
  4
  54  169  173  185
  2
  312  462
  2
  191  371
  5
  272  274  294  366  423
  3
  145  151  232
  5
  94  260  347  379  382
  5
  121  246  406  492  496
  4
  17  255  395  482
  2
  50  303
  2
  306  375
  3
  54  84  383
  2
  21  36
  4
  171  266  417  434
  4
  87  173  263  490
  3
  63  68  425
  2
  288  498
  3
  252  354  473
  5
  11  84  95  283  454
  3
  205  206  324
  4
  9  104  266  453
  3
  109  183  247
  2
  444  494
  3
  90  313  398
  3
  153  329  401
  3
  47  49  469
  2
  106  174
  3
  81  112  487
  2
  99  237
  2
  440  497
  5
  45  69  83  276  397
  5
  28  107  305  327  358
  3
  53  389  431
  2
  201  372
  4
  20  44  75  446
  5
  83  93  307  349  412
  3
  60  226  485
  3
  42  266  466
  4
  165  311  338  459
  4
  57  301  313  370
  3
  85  322  459
  5
  4  96  238  323  370
  5
  25  91  321  359  430
  3
  257  346  457
  3
  60  116  308
  3
  119  151  184
  5
  191  262  282  429  441
  5
  99  176  233  466  478
  3
  351  409  421
  2
  79  496
  5
  50  58  163  339  414
  3
  1  123  252
  5
  96  112  248  288  432
  5
  31  227  246  256  470
  5
  131  269  301  365  487
  3
  51  374  471
  3
  310  390  462
  4
  32  236  262  326
  5
  4  161  288  394  450
  5
  144  323  359  365  403
  3
  51  419  437
  4
  12  131  194  339
  2
  388  438
  5
  16  50  226  268  392
  5
  79  280  307  327  366
  2
  58  391
  5
  5  196  296  362  497
  2
  96  108
  5
  273  355  396  478  487
  2
  224  495
  4
  190  253  260  439
  2
  96  332
  4
  93  166  227  280
  4
  91  328  377  414
  2
  20  217
  2
  137  144
  2
  103  268
  5
  176  219  273  274  359
  3
  381  394  448
  2
  117  421
  3
  204  334  379
  2
  76  330
  5
  108  196  370  393  450
  4
  137  249  296  461
  3
  232  481  490
  3
  103  311  480
  5
  191  231  258  288  480
  5
  159  190  198  218  434
  5
  14  74  283  332  483
  2
  66  494
  5
  124  281  346  349  427
  5
  22  50  330  370  458
  2
  106  491
  3
  137  318  355
  4
  113  189  338  341
  3
  173  354  487
  5
  182  213  326  405  457
  5
  207  238  317  379  433
  3
  250  254  335
  5
  39  48  236  291  389
  2
  54  464
  3
  274  279  438
  2
  290  388
  3
  42  205  381
  5
  176  282  296  346  350
  3
  93  373  476
  4
  101  148  416  452
  4
  178  299  369  399
  3
  141  282  442
  2
  265  273
  3
  264  401  402
  2
  2  429
  4
  74  120  413  444
  4
  156  355  379  440
  2
  72  477
  4
  59  138  169  318
  5
  7  136  203  342  397
  5
  291  325  414  422  492
  3
  174  337  382
  3
  235  274  277
  4
  20  103  449  466
  2
  65  79
  2
  68  472
  3
  82  95  498
  5
  10  50  107  140  434
  4
  73  161  282  332
  5
  74  323  333  416  438
  5
  210  374  411  418  433
  5
  143  308  325  411  427
  5
  89  123  183  191  417
  2
  41  164
  4
  38  93  358  468
  3
  301  369  430
  4
  5  125  221  394
  3
  137  252  385
  2
  229  356
  3
  124  217  496
  3
  24  191  268
  5
  320  361  364  481  493
  4
  92  156  307  437
  5
  137  254  335  463  467
  2
  52  450
  5
  131  171  284  405  450
  3
  280  397  456
  5
  170  303  329  428  481
  3
  215  440  446
  2
  196  494
  4
  50  103  339  450
  5
  69  92  123  224  378
  5
  18  24  130  172  467
  4
  70  102  265  399
  5
  14  16  49  65  177
  5
  50  182  184  372  488
  5
  30  170  307  398  427
  3
  45  56  177
  2
  238  395
  5
  25  45  150  232  426
  2
  315  367
  3
  38  227  389
  4
  36  168  312  470
  3
  360  371  451
  2
  174  284
  5
  21  105  344  397  401
  5
  63  218  235  308  445
  4
  69  141  310  349
  3
  202  467  478
  5
  30  153  335  371  478
  3
  50  86  137
  2
  46  424
  4
  299  393  397  442
  2
  333  469
  3
  187  270  293
  4
  138  179  406  475
  3
  88  123  473
  3
  15  319  343
  5
  13  28  124  201  246
  3
  187  287  299
  2
  192  248
  5
  108  136  138  215  282
  5
  22  51  202  275  319
  4
  264  297  341  394
  5
  86  157  346  387  443
  5
  208  285  337  344  353
  5
  90  186  291  408  439
  2
  92  140
  5
  46  166  395  419  453
  4
  102  153  303  408
  3
  65  99  443
  5
  195  270  287  401  480
  5
  107  217  227  348  435
  5
  138  183  190  459  476
  3
  9  138  342
  2
  124  365
  4
  137  139  374  470
  3
  186  193  337
  5
  1  2  160  407  439
  5
  84  111  151  276  389
  3
  15  167  349
  2
  62  165
  5
  27  88  344  354  454
  3
  284  453  465
  4
  24  227  277  398
  3
  33  38  80
  2
  404  498
  3
  221  316  471
  4
  78  111  228  414
  4
  13  235  278  419
  2
  9  16
  2
  68  81
  2
  174  351
  2
  49  53
  5
  82  182  205  222  333
  3
  329  387  448
  3
  18  45  252
  2
  387  409
  2
  70  490
  3
  58  190  341
  2
  439  461
  5
  130  244  260  328  363
  4
  21  192  356  435
  3
  35  84  452
  3
  61  236  493
  2
  83  485
  2
  131  264
  4
  30  253  345  472
  4
  48  144  186  240
  3
  84  164  418
  3
  31  452  484
  4
  104  124  225  486
  2
  320  337
  2
  33  292
  3
  151  175  232
  2
  107  455
  2
  234  456
  4
  205  276  415  417
  4
  52  195  224  434
  3
  69  210  295
  2
  265  409
  3
  18  385  444
  3
  104  134  305
  5
  48  148  179  371  498
  4
  45  72  375  379
  5
  44  135  307  444  447
  4
  26  89  337  425
  4
  232  290  371  446
  5
  128  202  409  461  470
  3
  75  305  465
  3
  42  369  384
  2
  27  474
  4
  27  219  270  466
  4
  3  352  387  389
  4
  16  78  367  466
  4
  98  211  230  495
  2
  115  384
  2
  158  248
  4
  40  75  205  500
  2
  64  247
  5
  83  193  310  383  478
  2
  28  347
  3
  136  327  408
  4
  37  71  464  481
  4
  95  240  342  491
  3
  66  202  496
  5
  103  207  246  256  266
  3
  43  375  481
  5
  2  59  127  234  286
  5
  55  271  308  348  450
  5
  188  233  241  491  494
  4
  164  234  288  454
  5
  69  163  302  342  450
  5
  145  214  315  405  483
  5
  48  77  245  338  485
  3
  58  107  456
  5
  62  79  102  191  461
  4
  12  131  223  288
  4
  329  372  374  420
  5
  39  166  190  301  466
  4
  109  291  308  487
  3
  33  315  480
  5
  115  242  267  302  469
  5
  30  85  200  452  498
  2
  43  488
  2
  77  219
  2
  226  357
  3
  276  428  435
  5
  4  48  366  416  453
  5
  63  86  202  224  271
  4
  11  314  335  482
  2
  185  338
  3
  48  79  204
  2
  244  312
  3
  84  167  437
  5
  41  57  201  248  339
  2
  431  488
  3
  28  103  484
  4
  2  125  209  286
  5
  135  200  281  318  495
  3
  39  187  370
  4
  116  121  264  500
  4
  191  230  375  388
  5
  105  367  370  459  486
  4
  9  152  246  431
  4
  76  248  324  447
  5
  255  311  372  398  484
  4
  10  45  226  388
  3
  72  269  312
  4
  223  225  261  396
  5
  40  228  235  337  490
  2
  136  427
  4
  40  47  146  194
  4
  52  70  223  332
  2
  1  137
  4
  78  347  372  498
  2
  195  444
  2
  177  351
  2
  150  447
  5
  34  57  217  372  483
  3
  17  326  398
  2
  348  441
  3
  17  47  225
  3
  166  259  492
  5
  87  147  198  206  259
  3
  194  328  408
  4
  26  51  175  370
  2
  341  488
  5
  130  183  185  310  435
  2
  178  304
  3
  42  85  310
  2
  174  361
  3
  88  92  116
  3
  297  387  464
  3
  211  287  322
  5
  12  24  101  300  331
  3
  319  334  390
  3
  235  328  342
  5
  136  281  428  450  467
  2
  101  355
  2
  278  468
  2
  317  427
  5
  19  68  407  418  488
  4
  22  64  383  457
  2
  102  159
  4
  122  142  196  396
  4
  51  74  393  413
  5
  44  322  377  474  484
  3
  18  126  422
  4
  92  149  170  216
  3
  91  154  287
  5
  8  58  290  396  413
  2
  250  263
  3
  269  396  500
  2
  344  356
  2
  178  364
  4
  42  129  135  423
  3
  195  276  319
  5
  97  349  438  452  474
  3
  90  207  237
  5
  150  209  393  446  458
  3
  72  250  290
  4
  216  433  485  490
  5
  52  251  336  382  395
  2
  272  445
  3
  227  262  388
  4
  114  223  227  284
  4
  179  208  226  352
  2
  46  219
  4
  126  165  232  263
  4
  15  226  257  489
  2
  159  476
  5
  95  127  209  392  494
  4
  284  307  346  439
  3
  29  382  451
  5
  35  107  156  206  469
  2
  135  411
  4
  132  161  253  266
  4
  123  203  246  447
  3
  62  474  490
  5
  72  144  217  448  473
  2
  26  39
  2
  446  458
  2
  360  419
  3
  66  387  488
  2
  185  416
  5
  1  7  211  340  425
  4
  90  105  245  485
  3
  123  252  402
  3
  49  131  169
  5
  173  213  399  441  465
  3
  41  212  380
  3
  33  304  394
  4
  55  135  160  468
  2
  289  415
  2
  41  336
  2
  73  410
  5
  61  98  394  470  481
  5
  47  193  215  239  352
  3
  449  458  473
  5
  11  150  293  429  442
  2
  128  278
  2
  96  378
  3
  271  373  377
  4
  36  46  65  205
  5
  18  94  265  360  424
  4
  92  153  286  345
  2
  381  495
  4
  65  204  334  379
  4
  200  329  409  436
  5
  27  122  203  256  393
  4
  30  232  296  331
  2
  22  28
  3
  97  295  460
  5
  60  377  439  444  477
  5
  30  93  121  307  468
  2
  78  445
  4
  208  219  237  438
  5
  74  132  138  142  226
  4
  76  109  372  487
  3
  199  251  389
  4
  13  53  260  350
  4
  108  193  338  434
  5
  192  328  411  444  485
  2
  191  478
  5
  4  11  14  37  99
  3
  178  245  446
  5
  61  81  146  420  477
  5
  129  187  253  443  493
  3
  93  171  239
  5
  127  200  224  248  461
  4
  70  304  407  427
  4
  48  58  198  207
  2
  220  242
  5
  24  75  116  253  420
  2
  208  424
  5
  64  105  239  426  492
  4
  8  145  306  362
  5
  48  78  131  160  449
  2
  141  366
  5
  78  200  231  305  417
  4
  83  90  327  464
  3
  25  55  460
  5
  26  98  99  150  168
  3
  23  329  465
  2
  14  183
  5
  35  298  315  352  428
  3
  145  277  462
  4
  20  36  57  73
  5
  104  291  370  433  468
  4
  33  308  332  370
  2
  208  347
  5
  21  304  361  366  497
  3
  19  243  444
  2
  61  223
  4
  16  80  377  397
  4
  121  330  356  367
  2
  51  417
  3
  60  179  490
  5
  45  146  156  303  421
  4
  218  360  363  446
  3
  124  346  434
  5
  1  39  64  109  242
  5
  36  61  63  84  357
  5
  95  223  297  333  347
  2
  51  181
  3
  354  407  431
  3
  26  69  190
  2
  116  344
  5
  80  177  355  469  487
  3
  61  194  230
  5
  47  89  231  374  433
  4
  68  213  417  487
  2
  113  289
  2
  380  412
  4
  17  18  140  384
  3
  150  179  211
  4
  48  352  356  455
  3
  16  21  377
  5
  13  180  238  445  456
  4
  231  266  482  484
  2
  192  205
  5
  188  268  326  333  381
  2
  50  398
  2
  29  402
  4
  11  95  350  446
  2
  181  480
  5
  217  227  309  364  483
  5
  75  81  204  311  325
  2
  99  480
  3
  127  140  244
  2
  53  177
  4
  162  294  368  479
  4
  101  201  223  450
  5
  28  194  246  390  408
  5
  1  47  67  153  248
  4
  133  144  344  478
  4
  23  140  182  367
  3
  211  268  387
  5
  44  69  139  189  313
  3
  11  20  270
  5
  22  168  228  335  384
  3
  186  391  475
  3
  99  136  259
  5
  192  274  347  350  383
  4
  219  302  435  465
  3
  79  320  427
  2
  29  129
  2
  35  337
  2
  485  491
  4
  80  163  218  420
  4
  11  111  219  251
  4
  281  283  303  473
  5
  175  200  231  290  465
  3
  132  245  419
  5
  233  363  415  434  451
  2
  212  447
  3
  131  284  397
  5
  47  238  268  289  402
  4
  3  133  276  316
  3
  71  303  373
  2
  241  380
  2
  100  195
  2
  103  302
  4
  147  200  353  425
  2
  418  466
  4
  188  206  269  314
  2
  46  366
  5
  217  287  305  356  362
  4
  1  22  45  291
  5
  13  166  304  312  455
  4
  97  186  226  421
  3
  127  403  426
  2
  81  183
  5
  69  76  85  353  477
  2
  131  440
  4
  126  335  381  487
  3
  110  212  487
  5
  15  224  269  319  439
  3
  213  216  238
  3
  155  438  450
  4
  54  201  221  487
  5
  74  172  212  298  309
  5
  39  62  127  349  388
  3
  25  246  253
  2
  151  358
  5
  89  96  173  203  443
  3
  229  260  478
  4
  104  178  182  274
  4
  123  194  309  326
  3
  83  128  240
  3
  2  230  264
  3
  36  182  422
  3
  34  328  358
  5
  112  243  338  359  402
  3
  190  202  421
  3
  120  269  347
  5
  54  253  303  332  458
  2
  325  378
  5
  262  289  331  333  389
  5
  84  109  214  276  354
  2
  113  353
  5
  23  232  235  321  493
  3
  108  343  457
  4
  149  239  378  476
  5
  36  52  150  193  440
  3
  28  128  427
  4
  68  84  122  145
  3
  30  129  450
  3
  35  171  484
  3
  27  265  334
  5
  6  30  150  313  475
  2
  401  447
  2
  428  435
  3
  40  143  264
  2
  41  430
  4
  72  120  310  500
  2
  270  457
  3
  58  151  255
  2
  316  339
  2
  30  483
  4
  37  133  361  490
  4
  125  220  221  396
  2
  217  454
  4
  48  149  280  411
  2
  11  270
  3
  133  367  435
  4
  2  101  298  452
  2
  324  326
  5
  23  29  193  301  460
  4
  301  351  432  483
  3
  183  186  291
  4
  100  127  256  367
  4
  192  219  401  415
  4
  81  150  158  362
  4
  51  85  423  449
  5
  67  124  238  271  295
  5
  38  209  228  260  288
  2
  137  276
  4
  49  182  250  463
  4
  87  303  318  374
  5
  81  164  287  296  456
  5
  234  306  360  396  485
  2
  33  481
  2
  139  478
  5
  34  80  234  261  312
  4
  31  331  425  437
  4
  176  237  380  415
  3
  86  217  267
  5
  51  179  287  290  364
  3
  220  406  476
  5
  29  204  215  250  310
  5
  12  13  179  406  426
  4
  353  358  372  406
  2
  117  384
  2
  9  124
  4
  59  222  251  272
  2
  343  476
  4
  56  235  329  365
