  500  500
  1  1  1  1  1  1  1  1  1  1  1  1  1  1  1  1  1  1  1  1  1  1  1  1  1  1  1  1  1  1  1  1  1  1  1  1  1  1  1  1  1  1  1  1  1  1  1  1  1  1  1  1  1  1  1  1  1  1  1  1  1  1  1  1  1  1  1  1  1  1  1  1  1  1  1  1  1  1  1  1  1  1  1  1  1  1  1  1  1  1  1  1  1  1  1  1  1  1  1  1  1  1  1  1  1  1  1  1  1  1  1  1  1  1  1  1  1  1  1  1  1  1  1  1  1  1  1  1  1  1  1  1  1  1  1  1  1  1  1  1  1  1  1  1  1  1  1  1  1  1  1  1  1  1  1  1  1  1  1  1  1  1  1  1  1  1  1  1  1  1  1  1  1  1  1  1  1  1  1  1  1  1  1  1  1  1  1  1  1  1  1  1  1  1  1  1  1  1  1  1  1  1  1  1  1  1  1  1  1  1  1  1  1  1  1  1  1  1  1  1  1  1  1  1  1  1  1  1  1  1  1  1  1  1  1  1  1  1  1  1  1  1  1  1  1  1  1  1  1  1  1  1  1  1  1  1  1  1  1  1  1  1  1  1  1  1  1  1  1  1  1  1  1  1  1  1  1  1  1  1  1  1  1  1  1  1  1  1  1  1  1  1  1  1  1  1  1  1  1  1  1  1  1  1  1  1  1  1  1  1  1  1  1  1  1  1  1  1  1  1  1  1  1  1  1  1  1  1  1  1  1  1  1  1  1  1  1  1  1  1  1  1  1  1  1  1  1  1  1  1  1  1  1  1  1  1  1  1  1  1  1  1  1  1  1  1  1  1  1  1  1  1  1  1  1  1  1  1  1  1  1  1  1  1  1  1  1  1  1  1  1  1  1  1  1  1  1  1  1  1  1  1  1  1  1  1  1  1  1  1  1  1  1  1  1  1  1  1  1  1  1  1  1  1  1  1  1  1  1  1  1  1  1  1  1  1  1  1  1  1  1  1  1  1  1  1  1  1  1  1  1  1  1  1  1  1  1  1  1  1  1  1  1  1  1  1  1  1  1  1  1  1  1  1  1  1  1  1  1  1  1  1  1  1  1  1  1  1  1  1  1  1  1  1  1  1  1  1  1  1
  7
  85  287  308  325  437  485  486
  7
  15  26  57  152  159  252  384
  7
  139  190  201  295  342  388  428
  15
  23  24  29  58  89  102  143  165  298  328  373  395  407  411  495
  19
  17  24  27  30  40  46  47  99  106  128  205  220  309  324  419  434  435  448  464
  10
  7  36  78  86  93  137  191  269  331  416
  11
  17  52  107  144  265  280  398  411  470  471  494
  4
  39  193  408  420
  6
  66  76  104  171  225  251
  13
  31  55  113  141  166  171  242  256  266  278  284  394  430
  12
  95  155  181  215  246  248  308  336  349  360  371  410
  17
  39  52  67  105  144  176  178  186  192  206  250  285  358  420  450  470  494
  10
  35  156  165  171  199  234  249  322  366  466
  3
  150  326  351
  6
  34  199  244  293  357  398
  14
  185  203  220  269  315  330  331  346  406  419  437  460  483  496
  18
  79  112  138  152  191  208  214  238  273  276  299  304  310  322  325  357  448  492
  10
  123  128  149  179  189  210  253  294  340  356
  13
  8  67  88  113  159  224  280  319  400  438  455  459  464
  20
  8  9  26  66  74  101  103  110  200  212  230  232  251  256  301  308  321  343  378  498
  14
  4  10  17  92  222  235  243  390  400  427  430  439  442  460
  18
  4  10  15  32  41  60  81  97  145  188  226  230  303  314  414  450  453  489
  15
  48  52  95  98  128  131  147  158  163  343  377  463  477  487  493
  17
  50  59  61  180  226  236  268  302  338  369  400  414  435  441  456  464  487
  13
  40  60  72  97  102  132  217  227  238  298  347  445  451
  16
  10  59  82  100  130  152  183  233  269  307  338  367  439  448  488  489
  9
  44  111  129  209  225  256  359  375  437
  15
  10  14  68  117  141  203  209  252  259  261  264  275  308  344  460
  10
  35  69  94  129  170  222  250  367  394  432
  12
  142  233  242  287  310  347  355  385  407  456  485  497
  20
  11  19  23  40  93  102  109  139  150  153  175  204  214  244  344  400  413  415  449  488
  9
  75  82  104  239  300  349  480  481  497
  12
  15  21  43  60  191  219  220  243  347  362  381  412
  4
  57  77  177  444
  8
  156  193  280  385  401  408  442  449
  16
  83  109  130  184  209  262  265  270  283  357  414  430  433  458  473  484
  4
  172  183  306  347
  5
  101  194  244  469  473
  3
  226  243  493
  17
  10  18  32  35  116  161  182  248  264  267  303  308  358  379  393  493  498
  4
  194  245  287  433
  2
  106  202
  16
  16  47  56  65  73  75  102  138  164  186  247  272  307  333  400  470
  15
  4  9  10  74  80  112  117  211  227  271  311  318  383  443  470
  3
  287  363  415
  14
  82  96  104  125  150  181  182  223  297  306  397  399  401  430
  15
  18  22  48  128  134  136  166  191  252  267  290  298  389  390  446
  6
  16  28  65  141  242  399
  12
  58  108  148  161  176  231  242  310  334  349  440  490
  14
  25  54  57  83  184  203  212  343  442  443  449  462  468  490
  7
  21  122  134  255  378  391  428
  2
  169  319
  14
  118  140  171  186  193  208  231  251  311  378  423  424  467  495
  3
  20  298  477
  4
  118  153  328  454
  6
  70  127  186  264  413  429
  18
  61  117  131  149  168  171  225  249  258  269  277  330  352  378  381  400  423  437
  20
  13  41  72  73  82  120  122  230  240  267  302  410  418  426  430  452  464  478  483  500
  5
  60  78  90  139  226
  12
  82  92  134  139  208  209  260  269  368  378  455  457
  5
  20  48  197  377  380
  15
  46  132  140  141  168  170  184  304  342  352  376  383  449  461  467
  8
  18  43  66  72  114  119  262  444
  9
  18  28  116  158  170  174  218  268  281
  7
  30  74  93  163  245  374  412
  18
  30  36  63  84  145  156  163  236  258  299  361  362  375  391  404  409  439  477
  9
  8  29  53  139  152  296  349  380  466
  13
  15  33  92  204  219  241  249  328  334  363  379  413  474
  16
  12  17  63  65  190  196  208  220  230  248  330  339  432  442  474  498
  10
  42  176  210  275  285  309  343  434  442  492
  20
  24  106  120  125  127  139  149  152  153  183  191  220  281  297  310  314  394  407  477  478
  15
  64  133  170  194  202  215  219  255  256  384  414  441  463  467  490
  15
  3  7  12  15  42  47  142  153  224  226  312  369  409  434  492
  16
  9  17  30  51  105  125  150  207  209  250  275  330  374  402  426  487
  4
  66  289  361  449
  10
  24  40  72  150  227  259  295  309  328  396
  5
  31  72  223  236  400
  11
  53  56  65  159  215  224  270  271  366  475  497
  19
  1  7  20  70  98  113  131  231  244  271  277  322  353  359  421  430  455  476  484
  13
  31  37  89  149  152  233  268  309  368  392  423  433  447
  9
  27  51  109  125  168  217  304  360  383
  3
  251  334  405
  5
  151  260  329  457  482
  19
  9  47  58  88  160  186  193  222  269  291  310  329  380  396  398  417  439  459  460
  19
  19  33  75  86  135  140  141  167  172  233  243  253  282  336  371  385  401  452  468
  5
  31  118  145  239  284
  7
  50  74  107  150  250  283  309
  17
  41  84  164  206  208  210  213  246  288  306  359  376  394  409  433  455  481
  20
  1  9  32  99  123  168  173  193  249  269  301  310  389  393  394  398  429  444  448  478
  4
  161  247  383  389
  8
  81  110  143  212  226  253  305  494
  14
  52  89  154  179  192  239  290  294  331  344  376  422  458  474
  16
  18  204  211  219  242  264  353  356  371  395  425  449  453  468  485  498
  10
  18  125  147  242  258  302  321  340  439  444
  15
  14  138  149  155  156  160  192  265  266  294  315  321  327  331  482
  15
  82  92  130  222  237  250  256  272  294  331  362  395  422  432  462
  5
  1  109  164  196  315
  5
  125  234  243  267  423
  4
  54  249  298  358
  17
  12  65  130  151  152  227  232  255  263  271  280  311  319  331  354  365  377
  17
  6  38  78  92  94  97  119  188  190  218  256  303  322  337  362  395  466
  15
  28  29  141  197  243  265  277  281  284  299  314  356  381  385  390
  3
  126  425  435
  10
  68  79  128  183  192  222  286  305  350  467
  7
  11  74  87  112  161  382  498
  16
  14  31  32  60  109  175  184  238  245  275  291  295  316  318  392  421
  16
  16  50  130  143  202  222  241  253  266  280  303  312  338  352  406  495
  7
  30  129  153  289  295  401  441
  6
  62  131  167  238  368  406
  19
  33  88  116  126  131  152  195  196  214  232  238  264  277  304  329  345  385  394  447
  14
  27  72  183  186  188  215  238  246  300  307  348  375  414  485
  9
  77  87  156  183  223  278  297  333  374
  16
  20  70  187  194  235  322  385  411  418  421  429  439  449  464  471  475
  6
  95  307  443  446  460  471
  2
  319  438
  3
  54  271  308
  12
  16  43  66  109  125  182  220  270  273  281  467  483
  9
  1  11  80  112  222  225  270  431  465
  12
  70  196  210  283  289  324  362  373  384  393  395  439
  13
  30  40  149  157  264  290  299  343  347  352  355  447  479
  12
  8  92  154  166  237  238  288  333  384  401  441  447
  4
  17  399  416  498
  20
  19  36  55  62  69  91  157  211  218  233  247  260  269  277  280  292  319  462  482  497
  9
  46  119  154  179  309  334  343  357  434
  14
  21  42  51  65  86  193  221  229  250  288  294  329  399  467
  20
  62  115  143  148  174  206  215  219  221  230  252  292  314  319  353  389  422  435  439  500
  12
  9  15  101  127  168  295  298  313  314  437  453  498
  14
  69  164  180  202  210  220  232  276  288  327  384  392  393  434
  19
  6  46  103  108  113  140  239  259  273  279  302  323  330  341  344  347  356  393  461
  9
  42  80  148  163  210  301  364  400  447
  8
  18  78  91  105  222  242  364  383
  5
  92  403  408  442  495
  9
  4  126  150  178  195  231  254  277  475
  19
  4  20  102  112  161  172  187  198  203  216  260  305  336  359  408  454  462  480  484
  20
  6  8  46  68  168  217  278  279  291  294  310  315  342  344  356  362  375  385  404  486
  7
  193  212  298  337  406  412  448
  7
  20  45  53  96  162  203  479
  18
  6  12  81  119  160  205  218  225  274  281  304  315  389  410  431  447  449  463
  3
  53  150  456
  12
  14  16  26  85  138  219  268  350  360  397  410  489
  18
  1  62  82  88  129  134  136  182  237  255  270  292  318  335  390  423  438  441
  15
  5  15  23  27  39  83  179  215  258  265  278  360  369  404  419
  4
  163  425  452  497
  11
  95  153  172  190  227  228  372  381  466  480  494
  13
  5  15  18  62  122  126  206  250  282  403  461  473  492
  20
  51  118  126  187  217  257  299  317  318  344  352  366  373  376  379  382  411  421  436  496
  18
  22  43  72  97  100  112  119  126  214  231  278  296  316  345  369  431  478  496
  14
  2  36  49  81  116  132  214  233  238  259  290  313  366  470
  13
  47  65  81  177  181  250  263  302  343  396  474  477  481
  4
  333  388  473  478
  3
  32  259  277
  20
  37  41  69  154  183  193  226  248  276  300  308  309  326  331  339  383  408  429  436  488
  14
  2  5  80  82  88  99  114  131  200  246  267  332  434  498
  15
  5  53  57  65  87  88  97  109  130  171  190  197  296  321  472
  9
  64  69  160  174  177  181  183  266  421
  3
  41  129  251
  18
  5  37  124  125  148  180  181  204  228  271  284  298  397  406  427  477  480  487
  9
  41  44  73  116  117  206  209  435  473
  3
  11  116  215
  15
  22  52  54  61  114  227  235  250  297  311  328  371  405  430  498
  9
  18  23  207  218  282  284  329  358  442
  18
  4  9  20  29  64  80  194  256  271  296  338  345  369  393  412  417  434  436
  15
  15  48  64  130  136  175  177  227  315  334  353  402  409  434  465
  9
  4  25  73  125  190  201  248  300  500
  20
  2  36  44  67  82  112  128  130  184  189  212  247  254  255  274  284  404  444  449  458
  17
  36  54  67  106  148  159  182  238  262  274  284  313  322  333  369  424  483
  10
  5  49  75  84  86  117  121  229  337  370
  6
  39  48  97  255  286  336
  18
  33  60  69  86  134  155  175  193  212  222  231  252  348  373  386  394  492  500
  9
  3  161  344  352  366  394  435  477  485
  16
  53  62  76  96  119  124  148  181  199  295  335  359  395  418  422  457
  11
  315  318  326  336  350  384  404  414  452  495  499
  16
  54  58  149  199  220  271  296  305  316  323  379  380  411  455  456  486
  12
  210  214  220  222  245  246  261  333  396  440  460  476
  7
  4  129  152  171  200  235  498
  19
  35  49  77  88  95  135  140  225  281  297  309  315  362  366  369  416  421  476  485
  10
  33  120  192  196  221  280  358  382  448  465
  4
  68  111  339  384
  8
  29  162  212  246  298  400  474  476
  5
  330  405  463  476  478
  8
  37  62  83  139  183  284  307  342
  3
  14  89  248
  5
  62  115  300  411  437
  3
  63  91  271
  8
  64  283  403  406  449  454  493  497
  11
  49  116  144  146  162  169  228  259  299  323  471
  12
  83  88  150  155  176  285  319  325  455  466  491  492
  2
  160  253
  13
  43  45  50  87  175  206  298  317  342  377  380  464  491
  13
  34  36  53  138  154  213  215  227  249  298  314  450  470
  19
  5  22  50  68  114  122  139  153  158  187  268  274  300  318  349  370  457  465  470
  9
  44  114  143  271  294  301  338  449  486
  17
  80  116  121  129  145  201  259  263  279  308  314  351  395  396  406  429  452
  13
  32  59  65  93  155  160  332  372  384  385  431  449  467
  14
  24  90  136  143  189  223  260  269  279  330  366  372  383  388
  4
  79  278  416  457
  20
  32  33  82  104  184  187  232  271  272  295  307  311  319  352  362  418  420  436  456  486
  4
  73  102  184  491
  16
  131  146  171  254  259  276  281  308  336  350  370  373  401  449  455  492
  16
  75  108  144  169  218  225  231  248  265  281  306  350  399  406  425  452
  12
  55  111  135  177  207  260  261  294  414  451  470  482
  5
  52  247  249  330  443
  7
  218  219  235  348  454  467  485
  8
  8  100  120  157  168  185  215  380
  3
  308  364  442
  8
  29  178  187  193  200  201  279  382
  20
  42  66  69  113  114  115  165  182  185  208  216  275  283  297  400  415  426  430  446  484
  12
  14  71  108  207  210  264  272  339  355  363  413  480
  17
  3  7  44  54  119  152  154  163  179  241  325  344  349  362  365  369  472
  6
  173  210  272  361  453  457
  8
  3  25  67  321  332  435  464  494
  4
  2  162  194  281
  2
  142  257
  7
  20  121  279  346  350  418  453
  4
  114  210  471  496
  19
  62  66  125  150  154  155  190  235  269  285  298  337  352  354  404  411  417  456  474
  4
  21  270  295  322
  4
  70  199  351  370
  12
  45  52  184  188  231  277  293  383  387  411  432  490
  19
  5  12  29  30  77  112  118  248  338  346  349  364  372  378  386  432  442  450  469
  5
  49  63  228  237  354
  15
  38  54  74  77  181  200  259  296  328  331  350  404  421  423  468
  4
  203  279  475  492
  3
  18  302  349
  2
  31  87
  20
  24  51  114  129  142  145  215  216  225  243  245  282  289  365  388  390  418  420  423  469
  9
  6  17  98  105  150  210  219  225  350
  4
  234  242  471  484
  9
  56  165  296  425  444  453  471  475  481
  20
  1  30  32  43  45  50  91  136  164  199  201  225  230  325  363  367  389  441  445  470
  9
  129  143  244  305  329  367  400  408  432
  12
  33  121  130  160  204  207  251  256  263  344  389  398
  15
  41  99  105  174  179  180  204  260  276  280  296  376  381  383  389
  7
  18  57  158  270  352  407  436
  12
  70  238  264  309  355  356  384  387  410  420  445  454
  7
  65  113  135  138  291  365  459
  7
  27  41  201  218  227  433  471
  17
  27  59  83  110  126  140  147  189  225  267  335  364  375  387  455  461  462
  5
  26  34  155  242  483
  4
  232  234  301  492
  9
  54  168  192  224  282  340  381  386  441
  4
  101  184  408  484
  4
  204  317  442  460
  2
  262  429
  10
  80  101  165  169  216  219  284  289  298  313
  4
  90  118  181  326
  20
  48  73  82  112  145  182  186  189  212  219  230  302  307  319  370  393  456  469  491  492
  14
  49  60  95  104  123  144  147  155  168  246  291  369  462  474
  2
  11  236
  9
  56  57  102  205  302  418  428  447  467
  17
  2  23  104  126  137  164  210  216  235  261  292  312  359  452  465  466  471
  3
  26  142  438
  3
  19  371  398
  15
  65  109  157  161  169  188  199  278  327  374  394  428  438  466  469
  19
  42  55  92  107  120  127  129  147  174  193  228  260  284  298  334  448  457  476  484
  20
  25  29  36  127  131  147  149  156  174  192  197  302  317  327  329  336  374  405  443  462
  6
  124  282  344  394  441  453
  2
  58  76
  17
  11  30  49  51  75  121  172  207  277  279  285  309  338  364  416  478  483
  18
  9  18  32  62  64  104  128  147  167  192  261  266  270  280  283  308  319  427
  13
  18  24  41  66  87  127  211  213  223  342  358  404  427
  8
  236  294  312  333  375  394  408  477
  12
  91  157  180  204  228  230  255  290  291  305  326  342
  4
  125  162  397  455
  4
  20  73  185  424
  18
  56  81  87  107  110  146  170  239  266  305  309  337  363  397  442  443  479  485
  13
  47  85  122  194  213  289  304  313  397  405  413  431  480
  8
  38  43  47  128  178  218  234  403
  13
  18  124  128  161  234  304  322  353  417  431  453  468  471
  19
  46  74  86  96  109  132  134  147  191  194  204  226  318  320  323  349  367  371  459
  3
  7  252  345
  10
  23  33  52  146  336  371  391  419  469  485
  3
  202  228  256
  12
  78  234  246  247  275  277  330  377  385  388  412  418
  19
  21  27  42  45  101  106  123  141  178  270  300  310  319  354  372  381  405  418  441
  14
  24  32  40  50  112  124  213  305  358  384  392  468  489  495
  11
  97  105  161  249  295  357  362  364  368  386  425
  16
  3  26  152  160  187  199  252  276  288  290  305  388  417  439  462  485
  14
  20  42  49  53  129  189  254  277  307  309  347  362  368  466
  2
  320  412
  10
  109  122  144  189  314  333  369  387  427  461
  12
  5  24  107  120  134  204  223  313  337  419  451  464
  8
  31  91  102  270  361  399  476  477
  15
  4  33  86  104  182  201  202  216  220  330  346  351  382  416  485
  14
  4  23  34  55  69  90  143  153  187  219  313  324  382  391
  11
  26  44  59  195  286  338  397  402  411  416  456
  4
  93  442  483  498
  6
  39  156  187  298  406  489
  11
  28  77  108  176  201  214  253  305  328  369  442
  7
  194  201  268  290  313  340  399
  7
  111  207  228  318  335  412  488
  16
  5  37  57  87  117  135  187  271  287  356  357  365  404  414  417  466
  12
  45  243  267  283  308  320  326  329  330  341  343  491
  4
  143  231  247  333
  7
  139  184  194  251  284  366  434
  14
  5  7  21  51  65  98  109  119  199  254  267  319  387  445
  13
  25  59  81  92  146  159  163  168  219  310  314  319  401
  15
  178  189  219  239  245  252  258  272  301  308  310  322  375  419  484
  17
  34  49  107  130  142  209  228  231  255  265  368  377  419  423  456  463  481
  2
  98  154
  7
  20  30  53  273  291  365  450
  11
  18  59  71  122  150  178  198  225  264  357  457
  18
  34  119  153  176  178  184  214  228  283  331  338  344  366  380  393  408  461  480
  10
  143  145  154  174  199  204  264  283  382  385
  13
  33  124  178  183  192  279  317  425  427  434  453  455  491
  20
  8  9  17  26  34  152  156  159  161  196  237  284  288  303  364  377  381  445  446  491
  11
  106  146  167  224  258  274  276  303  306  376  476
  18
  35  39  59  72  133  188  241  288  326  328  373  396  416  428  437  469  475  496
  14
  32  36  40  106  110  178  246  261  265  365  423  453  479  494
  9
  229  239  350  380  446  464  468  481  490
  17
  7  19  108  113  121  166  206  209  222  253  256  328  375  389  417  473  474
  14
  2  17  83  163  175  200  222  274  277  285  343  378  470  471
  3
  203  218  350
  4
  48  239  260  282
  13
  3  123  125  162  193  201  218  230  283  295  326  370  388
  4
  6  335  404  446
  17
  17  29  86  112  124  151  191  204  211  319  375  404  445  452  457  484  498
  14
  1  24  40  42  81  98  103  147  163  231  308  348  414  445
  4
  151  159  275  449
  17
  1  7  14  40  59  60  179  185  196  227  248  260  397  404  440  454  464
  14
  42  61  81  99  180  209  231  333  351  361  370  402  407  466
  16
  17  28  86  167  197  276  285  302  340  353  396  406  436  468  476  480
  5
  64  134  238  297  482
  11
  53  101  105  159  169  272  318  339  367  413  432
  6
  1  43  56  140  405  412
  18
  24  52  68  84  101  226  227  228  234  319  329  364  382  388  395  419  428  487
  7
  69  86  153  219  260  365  465
  15
  51  56  98  144  157  172  192  217  287  296  306  325  364  393  487
  9
  44  62  153  232  246  259  330  338  372
  15
  22  28  49  65  105  112  145  215  327  347  360  386  439  461  475
  12
  9  48  56  75  87  193  250  284  291  364  398  485
  18
  1  25  79  94  103  124  175  197  198  202  233  250  302  330  438  471  483  488
  3
  41  274  464
  5
  53  114  126  393  443
  4
  92  248  288  369
  2
  29  492
  13
  47  74  75  90  191  202  206  239  261  300  357  364  495
  9
  18  114  147  155  187  227  273  422  429
  20
  28  71  95  105  120  139  165  218  221  249  264  281  307  345  379  417  434  466  479  484
  7
  56  86  320  331  396  397  398
  19
  19  38  49  54  58  62  140  221  229  251  260  286  326  348  378  380  418  439  490
  14
  12  82  119  146  217  258  300  306  310  319  376  410  430  481
  13
  7  23  161  184  207  244  293  342  381  384  395  421  432
  18
  14  29  40  47  79  91  98  104  117  131  139  188  225  270  277  303  404  487
  15
  10  36  41  180  195  207  281  289  321  332  355  424  439  446  489
  11
  25  34  164  194  250  290  373  419  445  460  470
  19
  29  51  157  167  189  202  210  224  255  273  301  367  375  393  422  451  454  485  494
  19
  38  59  74  91  111  115  160  169  234  243  279  302  307  344  373  378  385  408  464
  4
  91  179  298  369
  2
  26  68
  4
  94  267  311  391
  6
  95  133  387  432  439  470
  20
  63  68  98  101  138  165  215  234  238  269  295  341  394  395  418  437  461  472  481  497
  11
  5  50  98  113  126  185  194  237  286  315  317
  14
  5  17  34  43  111  117  157  181  315  318  337  342  355  469
  5
  75  201  284  339  482
  4
  226  353  409  496
  5
  40  202  227  264  328
  16
  51  55  102  116  128  179  190  211  257  273  342  348  388  404  466  475
  15
  2  13  72  87  91  119  130  132  205  220  253  256  373  415  475
  7
  69  115  200  346  396  399  430
  16
  69  93  224  241  292  316  318  324  336  364  372  392  402  425  434  464
  10
  64  95  115  120  130  136  208  314  359  482
  9
  11  18  55  81  84  145  332  424  461
  15
  54  92  103  116  127  169  185  203  279  344  350  387  448  455  476
  19
  31  36  39  54  128  182  272  273  282  292  336  354  380  382  389  439  466  473  485
  4
  190  208  451  490
  10
  31  82  181  280  287  305  406  412  464  466
  18
  3  5  26  72  109  123  138  154  171  178  225  232  257  259  261  300  347  384
  14
  2  45  55  106  110  182  191  205  224  242  312  327  398  408
  18
  71  86  102  129  144  190  227  257  284  330  347  355  387  397  415  424  430  439
  16
  20  23  35  78  133  153  199  232  243  309  353  357  389  398  420  431
  15
  6  50  53  91  105  267  293  304  310  327  329  345  385  386  444
  12
  29  43  84  137  148  215  279  309  386  406  426  438
  4
  120  166  175  232
  13
  55  65  120  210  250  269  285  310  356  453  473  477  484
  11
  38  124  189  193  268  284  336  397  435  452  473
  7
  71  258  349  384  433  453  489
  17
  9  18  64  86  158  160  169  177  200  202  229  242  296  329  407  469  492
  15
  16  105  194  198  216  219  283  297  309  319  340  370  441  443  489
  2
  106  116
  20
  11  23  38  57  58  125  136  159  187  206  259  267  338  349  351  368  420  477  482  495
  10
  4  16  30  105  163  280  286  350  387  401
  18
  47  55  68  81  125  178  199  237  259  310  339  348  355  402  406  407  493  500
  15
  31  78  96  139  142  150  172  270  300  310  348  376  396  397  468
  6
  7  124  240  275  286  453
  20
  2  12  38  42  82  177  179  184  195  201  245  259  279  340  373  386  395  452  467  484
  10
  96  195  238  263  280  284  320  330  388  458
  12
  58  68  180  185  206  255  283  293  348  349  390  483
  10
  36  59  68  77  86  113  174  245  484  486
  18
  55  57  87  121  167  216  271  301  336  346  354  398  406  430  457  463  465  481
  13
  34  37  119  126  134  187  285  373  424  459  474  477  478
  18
  53  74  80  87  89  95  141  153  164  191  313  355  362  371  387  442  444  484
  18
  26  28  91  100  112  131  180  200  222  275  277  295  299  310  328  352  416  420
  13
  9  18  82  95  118  180  223  270  291  344  432  460  500
  6
  59  280  309  313  361  486
  15
  106  117  163  173  231  272  308  323  368  379  427  456  457  485  488
  6
  42  63  163  294  315  382
  15
  51  96  163  174  226  273  279  306  316  317  341  389  447  476  488
  4
  13  432  475  480
  10
  10  113  185  221  244  364  433  462  466  475
  6
  39  200  278  293  469  493
  14
  81  170  192  299  300  312  316  320  398  438  452  458  483  498
  13
  43  157  172  219  220  232  385  391  393  405  416  481  496
  3
  224  352  415
  20
  15  103  145  168  194  200  227  248  252  271  274  304  334  340  351  391  441  463  466  495
  6
  3  121  299  311  365  477
  7
  90  170  213  288  316  348  389
  5
  6  67  231  298  325
  20
  24  27  58  67  80  89  128  147  200  205  208  249  273  394  399  411  424  432  438  457
  3
  71  142  270
  10
  54  57  129  164  204  210  231  254  345  427
  3
  3  276  451
  9
  63  64  137  195  232  259  339  407  433
  16
  17  33  48  78  120  144  173  201  204  213  220  225  240  339  401  416
  11
  22  25  71  106  135  262  323  356  433  455  484
  7
  59  165  176  191  208  362  466
  3
  174  325  383
  12
  34  51  84  145  211  289  306  325  361  394  402  404
  16
  3  12  90  112  134  151  177  224  250  251  340  379  385  445  453  461
  12
  122  167  193  224  248  253  320  332  359  391  426  489
  7
  72  189  205  265  274  386  473
  7
  8  20  138  250  335  442  496
  14
  105  143  158  267  281  300  345  361  395  423  428  459  466  499
  12
  64  65  83  110  185  200  323  333  334  352  353  380
  8
  12  142  172  231  233  348  409  447
  14
  47  90  107  138  166  218  222  235  236  308  336  418  457  486
  2
  316  427
  18
  6  14  29  35  94  106  151  156  182  247  255  266  291  352  360  361  449  498
  17
  63  70  79  160  236  237  238  249  279  305  324  328  362  376  414  442  488
  18
  5  16  60  88  93  94  158  161  175  184  192  296  316  347  358  385  387  405
  8
  114  116  161  170  269  348  475  497
  9
  67  93  255  276  292  391  474  477  487
  15
  29  32  51  56  68  201  259  309  328  340  374  377  393  417  466
  5
  3  52  63  156  342
  20
  31  37  40  45  75  110  127  141  192  213  257  306  409  424  430  448  481  482  485  486
  20
  21  23  44  52  54  55  62  106  117  131  142  193  240  263  269  354  406  415  417  489
  3
  195  197  217
  12
  11  122  134  137  164  215  241  269  359  362  400  495
  6
  46  166  212  228  349  479
  20
  6  7  38  58  65  89  156  179  181  185  186  187  275  288  367  370  381  404  406  424
  7
  6  58  69  330  375  405  416
  12
  17  67  73  172  189  224  256  258  324  379  425  443
  10
  39  41  60  195  275  356  408  418  434  500
  7
  70  161  208  214  287  351  435
  3
  336  469  491
  5
  105  130  182  289  455
  15
  42  68  88  102  127  170  179  296  300  333  352  357  365  408  444
  19
  3  28  66  86  135  141  149  163  171  231  238  243  292  319  325  332  371  395  485
  12
  7  120  139  272  311  326  335  366  421  435  452  474
  11
  67  86  97  170  205  228  287  315  345  467  484
  13
  111  133  205  271  281  309  335  340  380  399  432  460  498
  19
  17  29  62  72  110  144  145  177  186  195  200  290  315  345  364  396  438  462  477
  19
  15  35  42  58  79  82  88  115  140  155  186  301  330  339  386  445  468  470  474
  3
  12  234  336
  7
  35  44  178  184  193  344  373
  14
  62  71  95  139  150  228  230  246  262  284  357  428  433  444
  12
  139  144  266  279  298  318  356  393  409  455  459  479
  9
  28  159  161  176  205  291  341  408  462
  13
  3  34  89  122  137  141  195  207  259  331  361  433  491
  2
  279  424
  17
  96  122  155  188  231  260  265  292  312  326  338  340  341  364  424  474  497
  15
  6  33  53  72  134  173  181  202  222  252  253  284  308  380  473
  6
  73  224  255  296  339  489
  3
  59  369  371
  5
  23  130  154  158  197
  15
  12  108  126  169  171  202  231  249  270  311  322  371  374  427  478
  8
  57  215  223  286  419  436  455  483
  13
  2  124  173  177  184  196  240  247  392  408  441  443  487
  11
  45  68  86  179  187  188  214  279  373  416  470
  2
  295  407
  12
  36  137  148  152  268  341  350  352  364  448  462  493
  9
  3  105  180  195  204  311  347  376  461
  8
  20  30  184  251  381  418  454  475
  8
  5  176  236  319  321  396  451  457
  7
  158  199  208  241  264  394  476
  9
  56  132  162  301  399  417  455  461  470
  10
  52  59  87  151  189  363  464  465  478  485
  5
  205  211  322  409  452
  17
  45  51  61  70  89  93  133  217  235  298  331  362  398  409  420  421  452
  7
  204  226  249  263  292  369  480
  6
  22  120  158  236  298  401
  20
  6  71  83  84  101  102  165  180  216  225  258  261  263  284  318  349  391  435  440  460
  9
  16  60  145  181  268  317  401  480  484
  7
  85  204  314  387  443  449  491
  7
  62  167  178  365  369  421  495
  10
  16  71  107  117  201  202  261  358  376  424
  9
  87  94  219  222  282  284  344  458  472
  15
  48  77  102  119  146  164  166  268  286  290  297  358  418  419  470
  13
  2  18  81  131  143  217  227  299  317  338  383  432  478
  7
  91  134  284  336  386  420  440
  13
  15  70  88  118  124  153  215  231  233  344  428  453  491
  2
  198  212
  11
  44  136  165  170  262  277  291  359  382  395  416
  15
  36  48  51  61  70  89  129  177  199  212  348  366  376  404  436
  8
  29  71  103  141  392  456  471  495
  10
  131  134  143  206  264  328  351  359  372  460
  4
  9  73  318  374
  16
  18  61  96  119  123  128  132  230  331  347  363  381  401  405  425  500
  4
  155  248  326  451
