  1500  500
  1  1  1  1  1  1  1  1  1  1  1  1  1  1  1  1  1  1  1  1  1  1  1  1  1  1  1  1  1  1  1  1  1  1  1  1  1  1  1  1  1  1  1  1  1  1  1  1  1  1  1  1  1  1  1  1  1  1  1  1  1  1  1  1  1  1  1  1  1  1  1  1  1  1  1  1  1  1  1  1  1  1  1  1  1  1  1  1  1  1  1  1  1  1  1  1  1  1  1  1  1  1  1  1  1  1  1  1  1  1  1  1  1  1  1  1  1  1  1  1  1  1  1  1  1  1  1  1  1  1  1  1  1  1  1  1  1  1  1  1  1  1  1  1  1  1  1  1  1  1  1  1  1  1  1  1  1  1  1  1  1  1  1  1  1  1  1  1  1  1  1  1  1  1  1  1  1  1  1  1  1  1  1  1  1  1  1  1  1  1  1  1  1  1  1  1  1  1  1  1  1  1  1  1  1  1  1  1  1  1  1  1  1  1  1  1  1  1  1  1  1  1  1  1  1  1  1  1  1  1  1  1  1  1  1  1  1  1  1  1  1  1  1  1  1  1  1  1  1  1  1  1  1  1  1  1  1  1  1  1  1  1  1  1  1  1  1  1  1  1  1  1  1  1  1  1  1  1  1  1  1  1  1  1  1  1  1  1  1  1  1  1  1  1  1  1  1  1  1  1  1  1  1  1  1  1  1  1  1  1  1  1  1  1  1  1  1  1  1  1  1  1  1  1  1  1  1  1  1  1  1  1  1  1  1  1  1  1  1  1  1  1  1  1  1  1  1  1  1  1  1  1  1  1  1  1  1  1  1  1  1  1  1  1  1  1  1  1  1  1  1  1  1  1  1  1  1  1  1  1  1  1  1  1  1  1  1  1  1  1  1  1  1  1  1  1  1  1  1  1  1  1  1  1  1  1  1  1  1  1  1  1  1  1  1  1  1  1  1  1  1  1  1  1  1  1  1  1  1  1  1  1  1  1  1  1  1  1  1  1  1  1  1  1  1  1  1  1  1  1  1  1  1  1  1  1  1  1  1  1  1  1  1  1  1  1  1  1  1  1  1  1  1  1  1  1  1  1  1  1  1  1  1  1  1  1  1  1  1  1  1  1  1  1  1  1  1  1  1  1
  10
  24  53  131  143  151  190  350  412  452  486
  7
  10  59  71  177  307  335  383
  3
  217  376  425
  2
  34  168
  9
  9  17  21  194  235  358  408  441  447
  13
  26  94  150  284  335  359  385  393  410  431  445  463  479
  12
  17  35  44  51  168  212  237  262  280  337  402  454
  7
  13  110  180  215  243  377  462
  10
  10  136  205  217  381  418  441  449  462  483
  16
  17  26  66  99  101  105  147  180  202  221  319  387  414  419  484  487
  13
  86  101  136  261  276  287  311  322  337  392  395  408  410
  3
  158  313  428
  17
  27  100  103  120  152  232  270  319  321  393  396  404  444  455  476  488  496
  15
  72  123  124  146  168  186  285  378  395  405  419  446  471  476  484
  19
  14  15  35  110  135  224  231  292  314  319  353  380  394  404  419  433  436  452  468
  8
  100  110  128  129  213  323  489  496
  20
  10  53  74  97  128  136  149  196  248  302  331  370  393  421  435  439  461  473  475  487
  8
  87  92  286  363  427  429  448  493
  12
  5  29  116  122  149  171  300  342  355  387  406  467
  15
  7  43  52  114  166  179  204  249  284  345  346  381  398  439  494
  12
  52  57  114  128  159  173  207  239  244  263  309  472
  8
  53  149  177  239  377  422  447  489
  14
  12  34  62  113  180  199  249  255  340  385  449  456  461  476
  12
  35  68  109  117  164  257  283  284  342  438  485  497
  17
  12  24  50  143  148  178  187  205  208  302  394  401  414  429  440  469  496
  17
  9  37  54  85  137  197  206  220  237  281  282  377  378  390  427  472  489
  11
  21  49  84  174  315  323  331  356  430  453  489
  11
  4  48  63  78  85  112  135  138  389  438  458
  18
  14  67  69  81  161  198  203  206  272  309  310  349  377  394  428  432  452  473
  20
  24  73  112  146  212  232  305  314  323  333  382  396  416  419  446  457  465  469  473  490
  10
  36  158  164  174  238  329  367  380  384  441
  6
  60  61  132  197  433  449
  9
  29  110  217  229  268  294  386  420  460
  9
  237  239  253  279  308  313  396  451  459
  11
  17  145  210  222  274  296  301  304  431  469  470
  12
  36  54  116  143  169  198  206  291  333  376  410  421
  20
  19  84  110  123  245  255  263  293  317  319  321  323  334  364  403  436  447  455  486  490
  8
  45  85  177  406  434  482  485  500
  15
  13  52  80  104  115  130  274  303  324  338  349  410  419  427  478
  13
  16  21  35  72  110  118  197  214  276  362  403  421  428
  6
  73  103  278  354  402  454
  17
  13  41  48  52  118  148  191  197  205  227  257  269  281  321  368  484  491
  2
  299  365
  11
  12  125  168  317  319  348  349  354  386  387  448
  11
  32  38  40  153  159  259  275  313  340  485  493
  16
  21  41  118  163  176  216  232  240  269  309  326  347  355  380  434  463
  2
  215  459
  13
  17  57  110  138  219  232  248  321  400  404  422  443  499
  7
  162  175  265  283  335  439  484
  12
  3  25  29  77  91  190  237  249  374  384  416  431
  2
  227  489
  2
  137  352
  8
  115  205  214  245  362  439  461  475
  9
  19  21  63  78  179  220  317  471  482
  13
  29  36  82  85  87  235  266  269  369  394  405  449  478
  8
  7  23  99  150  266  313  319  335
  11
  7  41  195  196  255  309  401  463  464  468  473
  4
  61  106  491  497
  5
  53  56  153  267  374
  19
  38  109  114  148  168  182  195  210  245  281  299  338  343  369  403  409  410  482  496
  12
  18  119  143  151  227  264  286  342  355  429  434  436
  4
  95  383  444  498
  9
  8  95  134  143  167  236  339  354  461
  15
  54  59  90  105  122  155  189  197  227  304  333  342  396  422  482
  10
  54  81  94  139  261  266  315  394  452  488
  19
  45  58  90  122  133  152  239  260  277  279  326  328  333  359  421  447  461  463  472
  10
  63  317  330  338  344  401  413  471  474  482
  15
  2  9  29  55  67  94  120  124  163  171  369  386  406  413  470
  12
  24  52  74  146  149  194  268  377  396  400  432  490
  5
  55  229  300  308  338
  5
  65  88  401  429  484
  9
  114  201  215  324  399  403  413  422  495
  3
  156  261  267
  20
  29  81  91  105  137  153  182  200  201  252  256  271  272  280  297  314  329  345  384  408
  16
  14  28  155  170  172  186  187  247  342  351  367  411  418  425  471  485
  7
  57  188  238  300  340  398  466
  7
  95  130  289  311  449  477  493
  12
  7  97  203  235  299  349  413  430  442  463  493  494
  8
  117  195  205  267  284  327  335  437
  13
  3  63  128  148  187  195  251  307  389  409  427  433  451
  4
  138  216  464  491
  14
  34  47  134  195  221  224  271  283  313  331  370  385  440  481
  13
  26  96  105  125  201  277  327  358  402  407  424  428  429
  13
  50  71  110  115  180  222  274  286  297  303  332  376  484
  16
  1  5  49  92  105  142  183  198  267  314  334  362  470  483  489  490
  6
  6  154  223  327  411  443
  3
  33  346  485
  3
  135  311  477
  4
  188  370  392  459
  9
  78  90  124  262  294  331  384  435  481
  18
  39  80  107  110  117  125  153  223  256  282  352  357  374  415  426  443  449  461
  16
  6  14  24  60  110  248  310  319  358  365  374  383  403  418  445  476
  10
  66  156  178  194  224  277  297  327  382  438
  9
  60  105  109  165  214  215  268  330  407
  8
  44  58  85  212  378  391  494  497
  14
  2  8  22  77  119  199  239  240  362  373  408  411  462  477
  18
  36  56  73  107  159  174  186  192  197  283  326  343  356  364  385  400  471  487
  7
  118  128  136  141  143  409  490
  20
  3  43  95  103  109  119  131  163  170  192  238  244  386  395  399  405  446  463  490  498
  11
  25  81  119  164  177  208  243  247  379  397  477
  11
  54  177  186  191  234  246  261  312  328  335  485
  12
  64  77  161  168  220  261  272  282  325  379  451  482
  17
  111  149  198  217  221  229  263  265  294  337  343  383  402  422  425  432  496
  5
  121  174  177  239  483
  17
  6  17  55  79  84  111  132  135  164  169  228  243  348  397  404  456  470
  7
  41  89  161  168  243  469  491
  7
  79  86  123  187  296  344  398
  9
  4  145  173  218  237  249  292  311  342
  14
  19  22  118  153  187  216  249  338  354  357  359  384  423  438
  10
  108  180  211  265  334  339  377  461  469  475
  14
  46  61  75  84  149  212  304  308  345  357  437  443  461  479
  15
  9  54  57  141  145  183  213  222  239  401  404  437  446  480  490
  14
  75  97  101  145  289  313  330  355  357  377  394  434  446  485
  14
  39  74  88  175  186  207  218  267  275  282  288  437  462  473
  15
  5  78  101  117  145  179  203  205  241  249  262  294  359  400  449
  15
  19  82  119  157  160  188  190  250  251  270  327  368  468  489  496
  19
  16  24  28  44  53  59  143  164  221  224  254  278  322  364  402  414  444  467  498
  2
  4  62
  2
  51  174
  9
  42  51  192  301  316  337  371  387  421
  12
  69  211  217  237  287  301  346  388  394  412  438  474
  18
  36  198  204  206  242  319  345  358  363  371  389  414  416  435  451  465  475  496
  3
  206  284  489
  19
  10  27  60  69  77  98  134  140  146  167  198  224  299  320  335  344  363  430  449
  18
  9  30  77  85  94  141  166  183  196  318  361  422  425  435  457  483  486  500
  10
  161  221  255  331  334  357  392  401  432  500
  6
  18  101  236  385  388  428
  10
  17  102  112  134  175  178  251  434  464  496
  19
  9  59  145  165  183  204  233  236  252  298  309  319  384  464  476  480  484  485  486
  4
  302  346  466  479
  20
  30  52  97  126  137  143  188  200  225  235  262  317  337  376  377  389  393  405  475  481
  14
  57  82  105  110  191  260  262  289  308  311  327  339  432  445
  6
  193  234  238  305  427  472
  18
  31  58  156  178  181  210  219  261  325  355  356  408  410  412  424  450  470  480
  19
  25  50  69  100  111  144  148  190  217  259  299  319  327  334  358  363  430  468  484
  6
  9  197  220  282  460  468
  4
  102  146  203  472
  17
  15  39  58  120  148  185  202  208  239  281  313  387  406  414  438  439  452
  6
  44  169  184  196  267  472
  15
  1  8  24  29  39  52  112  183  184  242  316  431  467  485  490
  13
  107  115  125  167  210  244  267  332  372  422  433  437  483
  14
  8  40  72  108  154  166  173  197  236  238  329  348  380  426
  19
  15  19  72  182  183  193  198  264  268  292  293  339  358  397  398  422  436  485  495
  10
  65  88  92  121  155  316  340  392  451  496
  7
  85  108  409  438  459  471  477
  19
  18  48  126  162  211  226  249  314  318  343  345  362  376  421  446  450  471  475  493
  6
  174  205  327  348  431  486
  14
  31  68  164  188  205  284  322  335  394  397  402  443  457  480
  18
  2  6  22  72  82  172  192  228  259  295  306  314  329  381  447  449  479  493
  20
  8  49  52  60  79  82  109  123  160  177  181  239  275  291  296  303  317  323  362  443
  14
  18  28  129  135  150  326  355  359  377  390  395  411  417  452
  15
  2  40  52  65  150  159  160  187  260  278  284  374  406  447  477
  7
  134  139  251  303  325  418  449
  17
  68  75  141  170  173  175  256  308  312  333  345  350  405  409  452  485  500
  5
  50  85  165  216  444
  2
  148  346
  18
  58  59  62  102  121  122  136  161  250  259  339  359  391  395  410  452  473  481
  14
  8  21  42  46  56  95  247  299  347  365  366  406  415  462
  5
  125  138  159  402  472
  4
  84  227  297  443
  8
  5  123  223  278  289  327  349  455
  5
  52  221  250  329  412
  13
  13  56  86  149  150  182  225  277  333  336  403  453  456
  18
  36  43  70  75  81  116  142  232  233  234  265  272  308  317  325  352  409  454
  8
  39  69  109  111  272  283  370  479
  8
  78  183  194  201  216  351  416  481
  15
  2  25  56  76  127  128  135  275  313  345  376  433  439  444  451
  10
  40  127  204  219  333  357  362  365  445  498
  16
  16  31  50  96  112  164  205  207  239  362  379  396  451  452  453  459
  7
  13  114  119  276  301  327  458
  15
  90  91  123  150  172  192  226  240  249  261  262  272  277  310  397
  8
  31  98  249  308  327  345  421  478
  16
  2  14  60  93  126  176  197  205  210  268  386  399  412  423  459  469
  19
  5  35  39  89  134  141  178  232  234  281  299  317  320  336  349  456  467  470  484
  6
  31  74  96  134  235  295
  17
  5  19  21  87  209  214  219  242  273  278  354  378  386  402  403  421  460
  8
  98  99  126  194  279  467  469  496
  17
  16  37  40  96  112  121  132  146  153  154  276  293  361  395  424  489  493
  7
  65  188  198  268  309  342  401
  5
  126  153  178  190  272
  12
  27  29  40  59  66  125  131  260  300  407  449  464
  17
  34  58  99  102  134  142  170  213  256  297  315  322  332  364  429  431  450
  4
  63  113  323  368
  4
  119  151  173  336
  10
  47  71  190  218  234  270  335  336  401  462
  8
  91  122  129  188  261  281  282  472
  15
  78  152  194  195  247  308  330  332  359  364  390  402  448  460  490
  7
  81  99  183  185  188  211  236
  2
  29  86
  7
  94  113  129  159  280  474  489
  15
  60  76  78  89  132  244  247  274  293  332  348  389  412  422  460
  8
  59  62  91  215  378  427  471  484
  15
  23  25  134  171  183  224  228  256  410  421  427  430  436  443  479
  16
  76  106  151  157  170  188  206  218  241  281  322  360  397  398  428  473
  6
  72  233  239  246  292  354
  11
  39  41  108  156  167  284  324  326  368  400  497
  8
  20  54  84  243  268  387  437  474
  7
  62  142  193  349  389  395  460
  8
  32  44  119  140  260  325  343  493
  15
  37  54  142  175  201  214  254  270  331  333  376  408  410  455  464
  9
  103  119  153  208  252  377  445  482  492
  15
  28  29  108  185  206  226  279  307  314  342  366  383  407  412  474
  2
  60  267
  4
  168  280  304  488
  4
  37  167  372  478
  4
  140  148  161  301
  8
  29  62  211  240  264  292  391  451
  4
  81  146  452  493
  4
  223  261  419  484
  13
  49  101  119  160  241  258  282  296  305  365  423  430  452
  13
  35  63  80  157  234  264  268  329  381  439  484  487  498
  19
  10  48  56  101  109  114  115  163  215  302  304  305  376  391  415  426  430  444  486
  20
  27  35  83  92  136  154  170  184  205  221  267  275  289  321  332  365  383  422  460  490
  17
  39  75  142  156  160  240  243  270  277  330  343  354  461  469  474  486  495
  18
  7  91  96  103  133  209  220  228  287  305  324  337  351  427  436  448  453  479
  6
  55  90  146  329  413  500
  13
  16  21  24  46  87  112  159  196  255  274  287  359  372
  5
  101  163  210  254  305
  3
  54  147  198
  2
  174  421
  19
  30  68  70  138  149  184  211  224  254  261  266  278  281  349  415  437  452  463  500
  8
  91  228  233  272  317  354  358  384
  9
  3  40  139  213  253  338  375  393  489
  16
  38  92  127  145  150  156  171  221  232  265  286  330  396  410  443  445
  8
  109  161  207  243  284  300  335  446
  12
  48  53  88  105  139  154  248  272  330  460  461  486
  18
  7  36  46  127  140  144  153  164  184  223  227  234  252  311  326  379  383  413
  4
  32  110  123  352
  14
  7  18  45  50  66  94  139  163  271  275  315  327  411  440
  6
  20  116  256  481  487  495
  7
  103  187  199  305  407  423  458
  4
  165  200  201  484
  16
  3  90  102  122  144  183  204  252  327  361  378  381  421  429  459  484
  12
  3  13  54  56  141  239  247  305  355  404  491  498
  9
  20  26  131  243  246  269  343  352  448
  6
  43  61  94  255  288  322
  12
  9  18  38  66  122  290  292  297  339  365  382  385
  10
  103  125  247  254  320  335  380  390  414  489
  18
  3  19  25  108  137  149  173  195  229  247  268  294  300  306  346  375  393  451
  7
  22  71  189  256  326  372  373
  18
  1  38  98  111  115  134  143  150  165  187  191  200  209  239  279  383  479  494
  19
  15  18  21  31  88  123  147  154  206  218  245  255  286  296  319  357  368  452  497
  13
  42  82  93  104  157  172  177  276  281  294  312  486  500
  8
  1  62  70  100  162  333  385  412
  7
  128  137  153  183  187  457  484
  12
  14  40  109  133  237  249  267  274  295  307  371  400
  18
  41  48  51  130  144  169  202  260  288  308  334  354  359  410  422  427  429  449
  13
  6  12  54  70  71  85  235  251  354  392  430  443  492
  13
  44  175  196  240  273  284  298  367  371  382  385  391  415
  18
  22  38  131  165  188  198  200  218  230  237  332  358  368  382  403  431  447  474
  20
  27  49  52  90  92  93  99  126  131  137  168  202  243  247  253  274  311  366  443  489
  17
  25  53  79  115  173  184  212  214  239  296  311  327  354  364  374  418  445
  15
  1  49  57  64  69  85  106  240  251  263  278  297  302  320  378
  15
  4  27  84  107  139  234  241  252  273  327  351  426  456  484  496
  14
  69  124  210  260  270  275  308  392  439  445  455  462  476  500
  8
  47  111  223  262  276  319  321  472
  7
  200  203  236  237  265  293  437
  6
  36  165  281  300  403  448
  2
  145  179
  15
  16  92  99  102  103  104  145  171  178  202  212  399  438  450  458
  4
  227  261  480  498
  5
  11  63  158  186  359
  18
  7  21  116  142  167  238  254  268  281  307  336  360  367  423  440  446  449  463
  17
  36  42  48  62  111  158  174  185  187  264  293  297  302  365  438  439  488
  5
  86  134  431  476  491
  17
  20  21  31  36  43  49  50  59  125  175  194  284  328  338  345  358  457
  16
  23  75  77  79  80  143  157  192  200  244  388  402  406  438  455  473
  19
  94  98  121  143  159  192  215  225  228  282  312  346  367  375  418  436  465  472  485
  20
  53  86  93  102  104  212  216  222  225  244  292  305  322  351  362  384  392  408  440  498
  20
  9  13  44  45  56  159  240  241  245  273  281  309  325  326  328  340  343  347  476  494
  17
  26  132  162  172  229  240  267  301  309  316  351  373  375  398  417  437  473
  6
  100  247  274  289  413  500
  19
  6  11  12  13  46  55  65  101  141  162  177  199  233  276  294  310  357  385  445
  3
  21  106  394
  2
  368  372
  14
  106  178  199  237  259  281  340  367  384  403  438  455  480  491
  14
  58  62  78  101  105  119  187  209  230  322  435  442  454  462
  20
  12  37  39  83  92  107  129  210  219  248  250  264  272  301  306  332  377  395  423  491
  8
  89  110  205  293  358  421  442  466
  18
  11  12  35  36  48  51  143  152  175  182  198  201  311  397  414  445  446  476
  8
  29  145  256  286  333  352  433  455
  11
  10  42  44  56  107  135  151  260  269  381  423
  17
  9  27  71  72  175  180  221  226  279  295  306  372  381  382  420  425  431
  17
  36  98  101  126  152  235  264  281  334  423  445  454  462  484  489  493  500
  5
  7  65  86  334  369
  16
  12  15  51  55  56  58  61  62  70  81  87  195  249  266  420  436
  4
  136  224  340  450
  16
  33  119  121  128  172  196  243  274  286  313  354  364  385  426  489  500
  9
  24  79  83  234  376  409  425  459  473
  15
  3  69  163  180  182  236  274  277  284  286  294  308  313  371  435
  11
  64  115  138  178  196  216  258  330  392  482  489
  14
  25  54  67  106  154  171  217  222  314  367  384  415  432  500
  2
  142  401
  9
  2  76  106  143  219  295  347  404  427
  11
  81  113  122  195  216  227  315  337  388  390  405
  18
  12  27  84  97  135  184  186  251  292  298  318  334  339  344  364  471  494  497
  9
  107  158  187  361  393  398  434  436  453
  19
  20  37  70  111  130  145  152  201  225  236  297  301  306  325  329  421  430  431  490
  20
  4  8  15  18  25  45  70  78  86  188  225  271  292  296  328  346  359  372  439  452
  19
  14  29  74  134  135  152  163  178  182  213  232  244  305  333  370  383  393  461  484
  19
  24  34  39  83  84  125  171  179  194  225  268  334  363  384  391  410  427  443  476
  9
  130  177  188  250  323  370  396  436  468
  4
  212  295  357  369
  3
  128  342  376
  8
  4  18  31  122  245  413  429  451
  20
  4  11  33  83  91  100  124  144  145  203  205  238  244  271  272  343  345  394  447  484
  9
  23  64  122  190  272  322  343  463  492
  9
  78  147  248  260  282  314  347  427  485
  12
  82  100  141  208  219  221  235  324  342  359  416  483
  19
  11  12  13  20  25  43  46  73  104  132  154  168  235  263  284  337  339  360  383
  16
  41  51  98  101  138  161  174  190  195  206  241  263  336  395  446  471
  12
  25  41  85  107  110  117  130  154  302  349  375  500
  4
  31  75  86  335
  5
  17  232  357  387  476
  13
  26  55  98  131  157  185  197  199  261  273  362  422  478
  12
  8  83  132  158  245  249  263  285  350  372  381  388
  11
  12  23  46  48  260  265  267  319  377  380  463
  4
  144  276  278  393
  17
  2  40  51  55  69  90  105  185  199  204  317  390  394  402  429  478  482
  6
  6  83  113  207  338  392
  13
  7  9  17  32  101  183  205  256  262  312  332  343  406
  20
  19  31  49  67  77  128  155  174  198  207  281  311  334  345  415  428  435  457  481  487
  9
  120  123  177  181  191  392  432  438  454
  2
  8  71
  13
  70  119  133  145  188  270  311  328  347  361  381  435  461
  9
  16  35  103  130  221  230  288  302  398
  5
  111  314  356  387  480
  14
  81  141  152  176  196  214  221  276  310  330  331  378  436  488
  14
  16  62  77  117  144  190  237  253  278  287  347  408  482  491
  16
  6  46  52  109  134  158  238  249  292  297  318  373  413  445  482  489
  11
  20  89  98  107  271  296  359  364  403  480  492
  7
  133  135  238  261  289  374  403
  12
  8  37  59  122  178  233  288  311  344  351  439  445
  2
  319  494
  20
  1  13  20  24  62  101  151  162  163  246  254  263  272  319  333  346  391  451  468  495
  3
  75  143  184
  16
  44  56  59  89  122  153  193  215  322  374  395  423  454  458  467  489
  15
  7  20  40  62  71  126  163  196  238  240  244  369  476  479  493
  13
  48  69  100  107  112  202  226  233  287  317  416  435  475
  5
  27  198  205  231  347
  9
  57  102  130  201  211  246  305  372  428
  10
  46  68  115  136  146  189  322  326  441  487
  10
  33  81  122  295  333  338  400  434  444  456
  16
  118  161  166  234  261  341  352  358  374  402  403  408  411  451  484  488
  8
  10  63  93  117  266  297  342  389
  14
  1  12  22  106  107  136  153  166  184  196  215  261  359  440
  4
  20  52  76  298
  15
  13  30  90  100  121  125  202  210  258  280  283  307  342  358  471
  14
  58  61  83  99  158  167  189  235  259  275  321  424  445  459
  13
  12  30  35  109  111  118  132  150  268  324  449  451  464
  17
  42  49  65  84  99  111  129  149  180  195  255  258  294  295  372  386  487
  2
  351  452
  9
  137  167  215  293  356  380  407  442  458
  18
  28  54  66  83  113  119  120  144  151  206  241  283  287  319  351  374  398  475
  13
  12  77  94  114  130  194  205  322  327  405  409  493  494
  6
  150  205  268  310  371  392
  10
  25  64  93  109  236  250  253  300  483  491
  4
  130  340  342  377
  7
  53  104  143  146  264  315  335
  19
  100  130  148  151  156  183  214  218  220  251  263  356  366  377  389  404  423  448  496
  8
  45  107  144  161  227  255  451  481
  18
  9  71  79  107  131  143  146  188  232  234  236  278  311  350  446  447  459  479
  19
  19  39  44  50  86  161  185  199  239  271  280  287  318  348  366  369  392  393  445
  8
  50  120  208  212  220  277  319  481
  6
  7  200  221  263  376  421
  18
  19  26  60  66  90  158  191  221  244  262  275  325  333  400  451  455  461  477
  5
  26  81  258  321  328
  16
  17  27  46  85  94  131  143  172  213  304  347  428  453  470  493  496
  2
  367  456
  9
  76  177  187  213  249  337  366  387  426
  16
  47  55  160  198  246  254  286  315  344  369  374  376  396  465  485  486
  16
  20  31  65  119  122  192  239  242  265  267  291  355  403  427  459  490
  5
  95  114  398  455  462
  13
  37  83  101  150  171  249  300  301  369  380  404  449  481
  20
  89  96  99  100  122  126  128  134  186  211  248  305  329  337  338  342  358  372  414  420
  16
  11  18  109  121  122  133  146  199  253  255  258  272  275  278  332  458
  13
  2  14  52  108  119  196  292  337  358  362  404  483  488
  9
  4  35  67  90  92  114  170  180  231
  14
  5  32  155  183  195  198  201  224  240  264  285  287  454  468
  2
  9  280
  13
  178  195  264  274  291  325  360  364  371  380  424  429  463
  20
  5  9  18  23  32  66  129  163  180  185  211  263  282  300  335  370  383  420  435  496
  5
  246  272  275  316  366
  2
  158  268
  7
  38  95  106  147  305  366  394
  6
  86  265  275  276  483  495
  2
  293  478
  11
  13  15  34  51  67  104  109  251  266  278  297
  2
  286  341
  6
  24  152  154  188  297  432
  19
  66  92  101  136  200  244  250  256  270  300  309  335  376  415  424  439  462  483  497
  10
  9  30  75  166  240  242  276  282  339  479
  19
  6  13  55  129  149  156  171  199  262  289  297  299  366  367  368  402  404  438  464
  9
  68  92  104  116  240  242  376  393  483
  16
  14  15  20  21  30  102  171  195  233  276  309  339  368  378  411  447
  14
  46  79  91  116  120  219  245  254  311  403  442  449  476  500
  7
  38  116  166  320  417  472  499
  17
  7  30  35  36  65  95  101  147  157  262  266  272  299  315  374  377  387
  19
  11  90  102  104  179  217  237  248  333  358  382  393  408  414  419  428  459  465  485
  2
  15  117
  6
  7  82  145  276  375  425
  15
  3  95  110  151  156  215  239  330  331  376  415  469  478  484  495
  10
  87  99  114  144  251  303  342  410  412  443
  10
  12  90  177  191  277  409  429  446  464  497
  13
  71  84  129  249  250  255  259  273  335  360  397  451  469
  5
  165  242  297  346  466
  10
  49  101  128  199  263  314  358  372  384  436
  11
  102  105  157  158  242  277  355  364  395  434  481
  5
  82  85  275  421  441
  9
  3  98  99  116  190  226  244  348  364
  17
  49  100  102  130  144  152  195  206  230  312  346  391  427  431  442  460  467
  10
  21  192  214  268  372  388  398  437  463  500
  20
  38  39  48  56  64  92  121  134  168  180  197  220  250  270  357  384  397  408  468  471
  20
  17  104  140  190  191  212  226  237  238  248  272  279  281  282  301  383  401  417  432  437
  18
  21  35  43  88  103  117  170  209  232  283  336  356  374  409  431  462  468  494
  17
  22  25  69  78  115  116  123  175  198  248  251  261  324  345  410  411  491
  20
  23  50  52  98  111  117  158  204  224  228  232  246  257  283  284  322  393  395  407  409
  10
  48  75  179  231  233  279  289  466  467  470
  17
  53  94  214  233  235  241  275  276  280  288  300  311  367  382  393  441  455
  11
  2  173  229  258  317  322  340  351  375  420  457
  7
  4  195  201  235  266  349  400
  6
  18  154  248  397  412  416
  7
  81  262  306  414  422  425  495
  12
  3  27  70  87  145  234  267  275  345  369  413  476
  11
  48  148  179  223  279  327  328  359  397  459  473
  7
  74  182  185  267  472  477  489
  7
  16  90  108  153  170  302  396
  2
  278  350
  12
  4  31  39  42  86  116  183  297  312  379  397  481
  3
  84  169  400
  3
  48  293  298
  7
  185  202  285  378  391  399  433
  3
  157  172  374
  18
  62  63  96  120  121  152  153  164  170  224  280  356  365  401  437  444  446  500
  6
  74  87  178  280  385  441
  12
  90  195  224  309  331  337  352  393  404  411  434  472
  7
  54  56  84  169  319  462  500
  10
  81  93  130  260  291  305  329  359  369  431
  14
  1  49  209  223  284  317  359  374  383  384  422  424  434  491
  7
  43  106  147  313  337  351  450
  3
  129  142  332
  12
  1  32  60  84  91  92  125  179  197  427  478  484
  5
  132  255  312  326  455
  19
  20  23  30  62  91  140  150  177  187  201  221  258  264  298  304  345  399  415  445
  6
  49  56  175  452  455  456
  16
  45  177  207  226  255  280  310  319  321  344  364  374  377  435  439  464
  12
  98  123  128  130  237  242  251  349  354  364  409  452
  5
  56  135  172  315  486
  2
  343  467
  7
  13  146  199  299  363  378  393
  9
  4  47  102  187  194  239  306  321  325
  20
  20  60  97  128  133  149  205  223  255  262  268  270  274  284  296  312  314  415  488  494
  10
  8  14  18  94  117  162  190  304  320  417
  12
  10  42  59  203  220  281  283  363  372  373  397  415
  11
  36  61  89  128  181  286  292  326  388  440  466
  4
  151  345  398  478
  18
  20  35  37  67  84  124  171  174  236  284  287  350  398  437  443  462  466  496
  2
  107  131
  14
  60  74  75  77  79  127  143  163  186  338  340  347  408  453
  16
  2  15  20  34  66  136  141  149  167  192  204  240  372  382  419  489
  17
  31  66  106  126  258  260  270  284  285  297  306  362  373  375  436  450  462
  6
  17  237  266  296  365  495
  4
  38  182  300  347
  20
  22  28  29  37  56  60  109  126  206  229  292  293  335  340  368  413  438  444  470  491
  15
  23  27  77  164  166  186  279  285  313  405  433  445  453  455  499
  2
  27  254
  9
  10  47  50  139  142  214  230  258  325
  18
  8  42  65  97  116  131  182  197  239  288  334  345  366  385  405  436  464  488
  12
  56  111  133  141  166  225  242  294  295  360  392  469
  19
  7  14  20  104  110  117  140  142  189  224  264  321  327  328  366  382  397  437  449
  2
  390  423
  4
  55  136  175  361
  17
  47  82  115  125  150  185  191  212  251  256  257  281  297  339  346  359  413
  9
  193  194  228  270  340  352  461  476  484
  14
  84  193  196  200  268  280  311  327  333  352  355  356  447  451
  11
  35  41  155  198  218  260  321  364  421  422  468
  6
  173  205  282  348  381  484
  9
  41  148  156  172  304  331  390  442  459
  7
  7  12  171  189  192  197  213
  13
  48  102  141  156  157  184  202  228  242  325  394  456  485
  5
  112  114  265  282  407
  9
  43  64  104  156  366  370  375  445  465
  20
  10  15  28  33  34  37  45  92  112  120  150  181  213  224  234  249  299  370  419  453
  14
  15  81  97  143  168  239  253  267  296  377  390  398  473  483
  2
  181  232
  17
  13  24  26  44  60  158  216  225  229  239  273  287  351  380  381  414  459
  9
  74  123  129  148  162  163  384  434  452
  9
  152  175  274  366  367  411  475  485  486
  13
  3  102  112  139  150  155  174  318  358  364  419  445  485
  5
  46  121  170  196  496
  10
  23  49  60  86  134  234  381  386  480  500
  11
  9  53  139  168  271  352  370  385  407  448  483
  11
  67  76  132  155  174  221  229  275  404  454  467
  5
  92  131  162  312  378
  9
  92  121  135  140  176  222  227  366  411
  4
  156  206  282  356
  20
  23  32  41  56  57  78  83  126  132  219  244  260  284  332  343  441  462  465  476  496
  2
  342  369
  4
  113  356  382  396
  5
  79  278  350  465  470
  3
  16  131  480
  4
  59  195  275  344
  7
  7  109  113  170  262  271  401
  9
  7  19  56  75  92  262  274  312  396
  7
  33  74  109  134  271  308  328
  6
  111  254  261  393  455  461
  10
  6  151  211  248  283  333  335  355  431  451
  15
  46  51  73  90  94  96  184  214  255  267  273  354  395  399  414
  20
  8  43  72  110  119  125  128  135  152  175  220  242  280  283  379  382  423  449  458  495
  16
  2  4  20  53  57  76  110  175  204  208  251  431  446  462  480  487
  10
  83  114  179  212  250  259  267  271  273  331
  17
  52  61  94  102  167  170  202  206  238  268  322  397  403  405  438  440  447
  13
  28  66  85  86  116  174  191  206  286  289  315  373  437
  12
  44  52  74  109  235  281  304  311  329  363  401  430
  13
  7  74  152  162  230  251  279  338  340  350  386  455  500
  18
  61  66  84  135  215  221  243  333  344  353  362  380  402  406  409  428  471  491
  10
  9  59  65  107  144  174  182  201  250  368
  16
  1  33  36  42  60  67  89  93  113  164  191  238  346  390  425  434
  3
  17  50  370
  6
  46  106  278  413  480  492
  14
  129  188  189  228  243  252  277  280  379  390  424  442  445  484
  4
  18  107  177  190
  12
  41  128  194  198  206  243  247  294  327  358  467  479
  18
  16  25  27  34  53  64  98  118  151  163  202  267  346  428  456  458  482  484
  15
  30  33  89  113  129  159  217  266  321  353  386  450  472  486  499
  10
  30  58  62  80  252  261  308  443  450  462
  16
  9  10  52  79  117  119  125  130  132  145  205  239  252  337  412  466
  18
  88  113  158  160  175  179  199  319  346  348  385  413  441  473  474  484  489  491
  11
  16  18  106  140  190  289  314  338  375  439  499
  12
  80  132  148  168  186  198  270  334  396  439  453  458
  14
  35  60  118  182  187  239  266  271  286  314  329  361  394  454
  16
  5  11  38  46  70  140  231  245  265  300  338  355  453  464  481  496
  11
  4  76  151  159  198  249  252  283  361  445  479
  3
  89  380  459
  20
  27  33  54  90  97  106  112  170  229  255  257  264  273  295  310  311  370  410  453  477
  16
  95  144  162  183  187  208  212  221  223  225  233  281  319  367  386  460
  19
  21  23  48  66  81  96  143  158  210  261  263  264  266  289  303  308  348  400  438
  11
  104  157  259  277  287  294  296  307  324  346  443
  7
  48  63  75  106  235  368  378
  15
  42  87  110  129  200  262  282  288  346  349  414  427  455  466  470
  4
  12  58  270  461
  2
  22  186
  13
  63  154  179  209  251  280  344  398  401  433  435  457  491
  17
  13  16  107  115  118  162  168  197  247  314  325  389  409  412  471  472  479
  2
  32  117
  11
  9  19  38  75  235  264  339  372  383  405  427
  13
  55  60  62  72  88  91  163  216  217  281  294  434  482
  5
  30  63  108  184  311
  6
  53  85  139  215  351  372
  6
  43  164  292  383  393  458
  6
  215  234  307  360  430  496
  4
  40  284  340  426
  6
  99  154  162  315  453  473
  17
  4  70  98  102  128  163  217  326  348  371  392  402  410  432  440  446  484
  17
  19  60  66  100  127  193  202  205  228  242  289  298  301  307  332  360  466
  8
  20  86  108  294  305  408  414  500
  3
  246  345  406
  8
  40  106  167  299  317  347  395  444
  13
  46  71  76  105  224  252  253  287  290  399  424  431  471
  4
  128  181  253  272
  6
  120  229  290  323  370  445
  2
  159  421
  6
  111  173  238  298  400  437
  10
  65  80  86  184  225  236  240  288  398  490
  19
  3  6  26  37  114  121  178  192  216  225  242  292  318  352  383  388  390  401  481
  19
  49  51  58  114  139  150  181  198  209  236  245  348  363  365  372  385  452  462  497
  7
  25  109  137  257  279  310  419
  20
  46  74  141  152  189  196  221  232  233  250  270  278  282  336  350  367  391  433  453  500
  18
  54  60  63  79  116  118  121  160  173  182  193  253  264  265  272  389  453  477
  4
  224  253  306  466
  2
  375  443
  9
  2  13  15  178  187  259  270  362  372
  4
  271  362  443  470
  5
  14  295  326  383  432
  15
  96  117  170  193  199  267  282  292  317  372  388  393  412  426  463
  4
  15  53  203  295
  19
  34  59  114  118  141  171  184  198  206  250  283  292  297  302  319  345  367  369  388
  5
  166  173  276  334  434
  18
  9  26  67  132  157  200  231  243  284  298  304  311  312  335  348  357  389  441
  5
  155  290  306  330  489
  17
  34  88  114  118  131  152  179  185  190  193  223  279  283  293  316  369  464
  8
  130  171  180  189  228  370  385  435
  16
  1  7  24  70  87  112  114  213  230  232  239  276  377  400  422  483
  13
  18  114  116  144  210  270  279  288  307  331  366  374  407
  11
  34  63  70  110  183  188  232  251  299  384  396
  9
  22  52  215  219  325  453  458  496  498
  20
  21  56  105  160  173  182  200  224  225  251  258  264  291  292  294  357  389  413  427  493
  17
  23  85  90  112  117  158  217  218  228  319  335  374  391  445  458  474  484
  7
  68  120  121  139  167  298  310
  2
  223  426
  6
  43  327  342  402  405  422
  5
  22  23  116  345  360
  2
  186  232
  6
  122  173  225  259  294  358
  11
  8  46  72  129  149  181  251  255  259  352  400
  5
  25  27  150  358  428
  3
  135  144  470
  10
  11  12  26  27  231  275  314  343  420  459
  7
  82  115  161  172  279  334  371
  4
  274  400  411  429
  12
  15  27  70  72  87  106  114  128  210  326  329  419
  6
  128  129  165  172  463  496
  20
  4  13  40  109  136  149  190  198  262  276  294  301  306  392  401  406  442  458  469  495
  19
  4  31  183  202  205  214  243  253  254  264  297  313  363  380  422  466  479  497  500
  16
  26  48  71  74  83  119  235  300  307  310  330  384  397  403  408  493
  19
  3  16  17  94  99  147  173  216  237  274  280  289  321  338  349  451  456  472  480
  10
  248  301  380  383  385  387  390  405  410  435
  9
  71  99  149  157  184  205  440  461  462
  17
  27  28  67  86  91  136  184  247  281  282  290  300  347  355  372  414  425
  2
  9  432
  15
  3  48  49  52  139  229  238  267  293  346  405  427  451  460  489
  19
  26  84  109  115  129  139  146  207  214  267  288  350  357  407  429  455  482  484  494
  13
  69  138  171  172  256  316  365  369  383  437  481  482  491
  20
  25  62  66  86  88  91  119  179  223  234  240  267  289  296  313  341  381  456  473  496
  6
  136  187  199  249  309  397
  6
  6  45  226  265  376  489
  18
  6  19  74  76  125  138  177  180  197  219  274  277  279  312  383  399  410  500
  5
  1  177  275  429  446
  8
  103  119  122  236  269  303  315  319
  6
  128  140  200  241  367  447
  17
  73  92  138  147  152  169  194  221  233  251  261  278  283  356  409  464  465
  7
  75  154  248  297  316  417  499
  4
  12  53  393  417
  9
  18  28  166  227  230  341  376  422  445
  13
  26  62  67  87  88  114  158  189  241  272  305  375  462
  10
  41  48  107  110  236  299  399  403  420  468
  6
  185  218  312  316  405  488
  4
  1  22  110  435
  13
  25  94  134  188  206  279  316  325  337  343  348  412  492
  6
  19  28  192  296  345  493
  16
  32  38  99  131  143  163  169  200  226  248  274  323  355  365  490  493
  6
  22  229  281  317  326  390
  14
  45  90  154  179  215  259  261  345  353  364  366  408  432  435
  6
  255  283  315  329  465  481
  19
  7  23  67  73  85  87  164  185  192  258  275  281  311  315  376  405  435  457  461
  5
  140  220  270  389  456
  16
  63  118  123  208  214  215  217  255  267  278  282  355  367  368  460  499
  20
  5  54  60  62  87  115  130  131  163  221  264  299  334  346  348  368  419  457  464  495
  18
  3  6  14  55  150  161  163  177  223  237  272  315  316  335  388  435  440  489
  12
  57  64  70  88  120  206  230  267  302  345  417  443
  9
  13  50  209  237  268  282  292  422  484
  13
  6  53  108  123  181  215  229  316  338  372  388  414  483
  19
  13  43  56  93  107  146  161  173  200  231  270  307  359  400  431  445  459  464  480
  10
  54  67  219  271  280  303  313  366  420  460
  18
  9  59  98  120  145  146  147  166  176  177  234  256  331  363  423  445  463  481
  9
  3  87  120  174  177  183  256  410  416
  20
  16  22  32  35  46  52  91  116  156  196  206  245  294  310  313  319  322  339  355  376
  17
  34  146  172  215  241  301  311  314  356  360  377  403  422  426  427  468  498
  17
  48  129  152  177  206  235  236  284  352  366  411  425  426  427  451  468  496
  8
  7  53  115  117  151  290  360  481
  11
  27  58  64  143  238  243  342  377  402  419  474
  7
  88  132  187  264  362  373  491
  4
  140  169  290  413
  9
  39  68  158  175  182  220  284  287  486
  12
  18  63  66  85  131  162  204  344  383  413  430  481
  2
  182  286
  10
  1  30  51  58  138  195  210  239  298  439
  13
  14  41  61  132  155  170  227  234  236  261  269  385  478
  13
  45  51  55  123  151  155  277  355  399  402  473  479  498
  10
  3  30  78  85  93  226  391  399  483  494
  15
  71  77  94  137  220  230  275  293  309  318  341  343  353  451  486
  7
  5  110  111  265  348  392  474
  10
  10  131  182  261  320  327  391  416  429  496
  10
  85  209  216  266  374  386  394  419  456  484
  20
  5  10  21  35  39  50  51  98  126  168  243  272  329  332  341  363  414  416  434  435
  8
  76  101  132  264  319  442  461  476
  12
  45  91  104  240  282  286  315  392  423  432  442  448
  4
  271  274  358  482
  6
  35  104  294  303  371  484
  18
  34  40  73  189  240  259  267  273  288  297  365  389  429  450  461  469  471  487
  2
  311  433
  4
  44  217  248  417
  19
  3  7  8  82  89  107  129  138  186  217  251  259  322  329  379  380  397  431  462
  10
  88  181  222  224  340  423  472  482  483  497
  4
  43  51  172  464
  12
  35  77  90  106  139  177  276  365  376  416  427  479
  8
  22  24  44  198  258  385  432  466
  18
  22  34  54  141  156  184  227  240  287  298  314  325  352  365  384  400  431  469
  8
  59  75  93  251  278  411  437  463
  8
  138  193  201  290  460  468  472  493
  2
  36  221
  18
  7  85  88  107  146  180  194  280  288  352  356  358  362  377  429  432  476  488
  13
  3  22  108  130  207  210  231  242  254  304  335  354  363
  8
  24  39  51  149  207  216  303  409
  16
  77  108  134  160  195  207  255  303  310  319  325  361  372  386  435  476
  20
  18  24  29  90  102  150  151  178  215  226  272  282  317  319  341  345  360  446  478  491
  13
  176  178  181  236  278  284  315  393  405  427  434  436  464
  4
  5  85  222  337
  18
  42  54  57  78  88  117  188  210  222  247  257  280  296  315  430  437  450  465
  19
  3  9  34  72  98  104  107  109  187  194  250  301  309  356  414  419  432  434  447
  6
  16  78  245  258  409  492
  14
  3  13  39  54  152  180  214  233  250  262  324  349  374  430
  15
  42  44  67  75  90  149  234  301  312  387  411  443  445  456  471
  2
  49  465
  10
  10  23  62  65  80  157  243  281  450  454
  7
  82  123  229  234  350  376  491
  15
  24  38  98  148  241  245  329  337  380  389  397  412  433  449  450
  7
  23  36  115  310  417  454  471
  12
  92  119  196  222  242  274  277  290  331  396  444  475
  19
  7  15  30  31  110  111  130  138  149  159  201  284  289  290  319  321  336  374  435
  20
  13  22  62  81  125  168  218  229  247  262  278  290  310  339  356  393  397  400  443  472
  10
  103  144  152  153  163  205  271  315  320  454
  11
  11  33  120  219  259  314  354  395  427  447  459
  10
  42  129  131  203  221  244  282  407  412  498
  15
  17  28  31  67  70  144  153  218  227  247  335  340  472  488  499
  20
  31  64  107  122  137  142  154  168  174  199  204  223  267  271  290  300  321  378  460  463
  19
  48  69  78  96  114  131  132  210  230  237  240  295  330  347  371  443  445  483  498
  16
  34  138  177  186  195  227  276  323  337  340  350  379  385  386  419  440
  6
  18  126  216  306  353  384
  10
  49  142  146  202  239  264  309  360  408  461
  7
  92  116  154  193  273  361  416
  2
  156  215
  16
  6  82  139  202  204  286  290  343  355  383  386  390  415  423  445  454
  6
  27  86  242  398  413  479
  7
  85  153  253  319  351  414  459
  5
  90  209  261  289  295
  11
  17  64  96  143  251  284  308  319  380  428  498
  14
  135  176  206  220  254  280  321  382  437  445  446  456  473  496
  20
  6  43  73  84  87  175  191  228  239  296  308  336  399  415  419  433  441  471  490  493
  9
  29  47  83  87  153  188  190  211  376
  5
  52  128  248  273  459
  14
  8  66  72  113  150  156  166  180  182  327  385  398  436  489
  10
  73  142  226  261  268  314  338  367  466  470
  7
  21  40  94  121  173  480  486
  18
  1  31  46  54  63  64  77  154  158  209  269  275  289  292  354  394  419  458
  6
  58  179  245  356  386  423
  5
  317  339  405  440  499
  18
  1  30  50  59  67  98  131  148  169  197  201  241  248  287  315  414  474  497
  4
  244  267  295  494
  5
  38  181  300  327  332
  7
  10  16  31  107  280  354  433
  20
  15  58  134  157  193  206  233  248  264  292  322  342  371  383  386  387  407  419  449  456
  9
  20  239  293  301  327  432  437  458  483
  20
  16  19  28  62  83  98  141  151  159  209  227  229  240  277  282  301  351  365  410  454
  10
  26  111  148  200  233  251  394  461  488  497
  4
  354  357  408  475
  11
  20  150  154  162  185  219  257  301  394  432  490
  20
  77  78  95  122  155  173  198  268  296  341  362  372  374  382  424  429  465  482  485  500
  12
  6  30  90  92  123  189  300  318  376  433  476  486
  16
  55  70  78  110  166  177  208  268  287  316  332  343  348  370  409  469
  14
  47  61  139  155  171  222  262  275  276  298  312  402  403  495
  4
  203  235  436  475
  3
  227  342  443
  17
  10  17  44  49  62  79  85  92  180  243  254  365  399  417  438  464  492
  20
  5  26  51  72  120  141  202  206  211  246  252  282  290  293  313  347  399  424  434  472
  19
  4  42  50  68  127  155  165  190  194  209  214  273  292  308  350  357  440  452  481
  13
  69  107  109  129  259  275  309  351  375  417  455  481  486
  20
  8  11  38  85  153  157  165  215  224  261  291  323  324  358  395  440  460  475  485  491
  2
  47  232
  20
  44  80  121  125  151  163  232  254  255  291  292  314  337  381  400  427  430  458  464  486
  4
  160  215  359  441
  6
  17  152  218  240  390  442
  3
  17  78  462
  4
  45  220  270  450
  15
  5  16  68  146  179  211  253  300  319  320  395  414  416  417  489
  6
  92  111  205  259  322  425
  17
  10  34  41  46  93  100  106  120  166  196  301  305  342  377  387  410  439
  8
  110  156  163  178  184  227  263  341
  2
  224  479
  16
  13  22  57  94  104  117  185  277  300  322  325  339  344  346  430  462
  7
  55  63  127  195  223  288  428
  16
  36  71  110  215  238  291  300  306  335  378  393  402  405  432  433  437
  18
  39  50  79  103  110  153  165  170  181  203  204  249  267  378  410  413  440  465
  14
  52  68  113  118  140  149  316  328  378  390  397  446  482  493
  12
  14  32  33  65  103  138  219  224  316  351  381  437
  8
  72  78  90  145  160  168  284  396
  15
  14  27  44  78  137  173  235  310  348  353  383  401  422  425  452
  13
  2  76  78  126  155  208  261  305  311  361  412  414  452
  8
  178  202  217  327  344  360  381  456
  10
  10  97  120  221  237  258  374  402  425  456
  16
  7  12  25  51  59  189  202  224  290  296  367  395  412  426  454  480
  11
  34  135  186  199  201  202  212  300  305  441  442
  9
  117  196  249  289  291  297  398  450  467
  16
  14  49  91  101  119  173  189  196  231  232  303  356  368  462  479  487
  12
  21  49  67  227  268  282  299  303  344  428  447  453
  13
  11  15  26  94  122  148  163  219  306  326  384  397  401
  2
  57  466
  2
  329  426
  19
  28  54  80  119  125  168  170  175  205  206  246  279  327  363  405  411  430  465  488
  17
  33  46  61  67  78  84  104  113  116  132  190  201  266  311  320  452  498
  17
  26  40  76  88  118  130  153  155  167  173  240  278  291  352  393  419  444
  3
  411  431  454
  19
  14  17  32  41  48  65  84  162  202  209  266  289  320  405  427  445  456  470  487
  7
  126  131  173  221  306  366  452
  16
  16  17  26  159  161  183  239  242  267  290  357  367  391  432  482  491
  16
  17  41  56  69  156  207  231  278  284  293  339  366  380  387  407  491
  18
  42  50  59  78  106  137  189  194  233  281  298  345  366  386  407  408  424  477
  16
  91  104  154  203  211  251  286  299  302  317  333  360  419  448  485  497
  8
  131  142  304  383  389  393  433  448
  8
  37  68  139  202  256  292  318  375
  8
  17  25  35  100  125  163  192  476
  9
  23  28  70  116  147  166  171  378  500
  15
  8  11  40  46  71  84  96  136  199  208  282  310  377  413  499
  2
  313  451
  8
  67  73  126  164  229  234  258  387
  12
  29  93  127  145  180  183  240  248  282  368  390  473
  10
  21  51  67  157  187  204  242  243  313  344
  14
  23  24  39  51  79  87  131  154  182  210  218  326  402  452
  10
  32  107  132  151  183  184  189  232  467  485
  11
  59  75  215  244  294  297  298  299  395  439  460
  12
  64  80  83  200  266  337  345  364  410  472  496  497
  8
  213  227  258  280  317  327  386  481
  12
  118  168  205  283  292  293  322  354  403  406  418  478
  15
  35  87  129  147  185  207  310  317  329  336  368  408  436  447  470
  7
  74  302  311  335  339  342  404
  16
  8  132  133  170  187  202  251  291  330  352  368  393  397  420  469  500
  18
  56  65  83  125  147  225  247  266  273  284  360  366  383  395  410  419  440  444
  2
  207  314
  10
  43  50  71  95  198  232  247  264  298  444
  20
  35  47  63  92  93  99  103  109  115  117  196  216  237  247  304  319  378  386  418  467
  16
  14  48  88  109  180  184  203  210  236  260  342  344  379  397  447  495
  5
  87  89  220  236  258
  6
  178  185  198  345  429  435
  17
  2  56  131  133  137  154  204  222  223  269  321  325  328  330  338  420  487
  9
  11  103  153  316  358  429  432  434  466
  11
  37  58  66  115  131  202  248  291  448  449  476
  10
  53  82  177  331  397  410  433  453  472  477
  20
  68  167  170  187  188  196  216  245  271  301  357  362  367  381  408  435  440  446  448  452
  14
  26  50  90  109  125  236  242  268  334  340  374  406  408  485
  2
  329  381
  8
  120  163  195  233  285  330  378  416
  16
  34  80  98  107  163  167  169  208  218  222  286  304  308  381  436  477
  3
  98  151  405
  11
  137  184  186  200  215  324  413  419  421  432  453
  5
  77  241  257  316  377
  2
  282  427
  20
  15  29  30  73  93  172  217  223  224  225  280  306  344  368  409  432  436  445  447  489
  14
  12  39  50  70  207  228  230  247  265  275  324  387  435  456
  12
  46  70  111  123  143  166  237  388  428  440  444  450
  13
  22  32  63  87  95  147  187  263  286  325  346  468  481
  19
  14  53  77  105  155  185  193  221  267  317  340  343  358  374  383  436  453  485  494
  11
  30  38  64  99  135  282  308  349  363  401  494
  17
  1  16  43  59  88  93  145  223  241  253  285  342  398  416  471  486  498
  4
  282  298  318  404
  13
  12  69  80  159  224  250  290  349  381  387  399  466  483
  5
  10  169  243  266  489
  19
  11  15  30  53  113  141  215  217  249  274  323  324  335  353  388  455  476  478  481
  17
  21  46  143  158  207  236  248  363  377  381  394  408  410  415  450  477  491
  4
  67  183  270  284
  7
  128  249  297  349  419  437  464
  2
  85  400
  12
  91  96  97  109  111  163  173  244  389  417  450  491
  19
  3  33  34  49  59  83  102  125  130  251  271  297  304  329  333  334  418  466  476
  8
  232  280  285  309  352  463  475  487
  20
  33  34  35  60  73  95  125  150  179  214  219  250  352  391  408  427  435  436  452  474
  16
  49  52  74  75  94  137  139  179  185  186  189  267  367  376  393  405
  17
  23  32  46  52  54  63  248  253  256  293  412  420  459  460  494  496  498
  14
  49  61  131  143  152  179  188  198  222  223  242  406  420  494
  16
  26  77  91  118  199  215  222  242  266  271  279  284  289  358  415  495
  11
  8  37  73  92  107  155  287  291  309  352  477
  11
  33  114  126  196  209  233  261  339  388  409  486
  15
  9  22  45  71  124  129  177  179  198  222  263  336  342  446  453
  9
  14  49  118  229  246  265  342  345  393
  7
  37  140  153  213  220  374  493
  13
  47  75  90  94  105  106  142  210  271  283  370  410  414
  5
  67  318  360  444  450
  2
  278  478
  20
  2  4  61  90  134  140  195  198  210  224  234  311  330  386  411  415  452  456  465  490
  5
  18  103  124  194  417
  19
  1  80  114  135  150  165  177  207  218  238  257  282  291  294  325  395  411  441  484
  9
  17  34  108  115  163  181  272  292  401
  6
  70  83  110  289  408  451
  5
  132  148  353  417  491
  8
  51  77  146  203  288  294  451  456
  15
  3  8  50  107  119  171  186  197  283  323  333  398  405  408  431
  18
  18  27  29  110  124  151  244  257  261  319  321  324  329  362  391  392  393  492
  8
  81  159  384  397  448  470  471  500
  4
  34  129  186  190
  17
  20  51  86  109  159  179  186  196  211  221  237  247  256  273  301  308  366
  9
  31  54  209  213  223  271  272  315  392
  3
  201  408  466
  2
  52  424
  17
  31  37  50  80  88  89  150  152  167  181  242  256  298  306  313  407  475
  2
  413  433
  5
  35  173  231  315  324
  7
  54  191  192  221  255  335  396
  8
  26  80  93  258  321  326  393  416
  9
  4  70  176  377  391  432  455  491  497
  4
  179  270  288  424
  4
  33  69  414  482
  12
  19  45  106  109  180  214  223  330  359  371  423  455
  19
  72  83  89  209  212  228  229  279  296  311  327  398  406  425  434  435  491  498  500
  8
  44  66  188  201  214  266  315  441
  7
  36  52  83  202  274  448  478
  20
  38  69  92  93  102  147  170  172  198  258  303  353  365  368  370  397  423  436  473  475
  9
  36  206  217  284  307  358  405  422  446
  6
  33  162  192  207  234  319
  14
  10  41  102  129  143  180  188  233  257  350  352  366  395  489
  3
  130  344  389
  12
  38  87  129  198  273  298  305  357  373  387  388  472
  13
  91  97  124  157  177  206  340  341  366  389  454  466  475
  20
  46  54  125  147  168  237  241  246  290  301  306  312  315  344  346  383  393  394  435  469
  10
  29  34  137  142  151  152  183  263  288  436
  18
  15  19  21  42  65  88  111  172  208  233  242  263  278  300  323  335  369  473
  14
  12  94  139  152  209  259  263  300  338  339  354  411  428  481
  18
  25  112  127  160  169  195  235  265  285  295  311  332  377  386  408  436  458  460
  6
  90  264  277  428  484  491
  13
  29  67  68  187  222  255  408  417  429  435  453  464  499
  12
  76  90  113  134  186  212  213  273  340  378  469  478
  16
  10  17  23  46  57  95  108  172  272  295  371  385  393  428  445  453
  8
  99  162  184  307  316  333  444  478
  12
  7  48  141  214  246  255  303  304  335  349  370  411
  15
  19  41  44  46  59  246  282  347  359  375  407  427  444  489  491
  10
  51  103  183  238  328  381  406  410  468  499
  17
  46  50  61  132  133  198  212  317  324  330  333  376  418  426  459  488  489
  18
  48  50  126  162  176  181  189  209  210  294  356  363  372  426  453  469  472  496
  3
  134  340  370
  10
  27  83  117  157  207  348  365  371  374  417
  13
  9  33  76  106  137  147  214  215  267  340  348  382  469
  5
  58  86  354  360  412
  5
  7  25  346  387  391
  9
  46  63  148  175  246  332  443  451  452
  14
  103  156  167  176  194  210  269  301  367  385  435  445  466  483
  8
  214  235  241  266  343  388  396  411
  14
  27  108  191  290  310  312  337  354  355  384  444  445  452  491
  11
  50  89  160  217  241  254  259  277  279  373  396
  3
  134  211  245
  15
  14  42  106  127  256  282  335  358  365  372  423  440  454  458  461
  10
  54  72  79  124  144  233  246  310  329  430
  3
  74  145  478
  2
  140  366
  12
  5  63  97  106  123  132  167  186  327  330  460  488
  19
  25  142  200  212  214  263  317  327  358  373  406  407  411  438  439  469  471  473  486
  14
  16  27  41  91  141  198  242  263  321  341  349  361  485  490
  7
  21  239  246  334  354  376  400
  7
  45  99  246  262  268  371  476
  4
  48  75  312  466
  10
  36  56  243  296  297  324  339  346  418  469
  13
  31  137  167  185  191  250  280  341  359  418  419  425  497
  9
  78  227  230  325  327  353  378  404  488
  13
  8  19  46  189  203  216  271  296  301  315  318  415  457
  15
  20  40  127  153  160  170  231  251  271  286  311  331  452  473  496
  9
  7  24  30  111  141  152  216  314  484
  14
  11  19  187  205  209  219  253  262  300  422  448  458  464  496
  18
  18  26  29  86  93  120  163  175  181  182  228  237  281  401  413  454  461  472
  3
  10  323  471
  2
  284  459
  12
  50  61  66  81  185  187  209  242  285  337  452  495
  17
  10  36  37  39  87  116  122  149  176  180  200  239  284  308  312  316  415
  20
  12  16  23  47  51  53  71  88  111  119  139  144  245  250  267  278  328  333  353  438
  11
  44  59  99  213  232  244  255  257  258  301  378
  8
  270  298  309  340  356  391  463  469
  19
  1  12  47  115  131  133  160  161  204  240  258  277  360  372  377  420  431  439  443
  6
  7  109  277  312  324  403
  12
  69  133  191  214  254  278  282  286  351  358  444  470
  7
  4  123  167  259  362  380  482
  4
  104  127  194  462
  12
  12  21  69  80  125  259  287  298  365  411  428  450
  14
  8  12  28  41  79  187  268  293  308  328  335  352  404  469
  10
  15  105  181  301  312  402  440  442  474  487
  14
  34  60  79  111  161  214  217  230  306  321  337  352  462  479
  8
  22  77  88  103  168  209  272  273
  20
  8  20  23  52  157  226  228  256  270  276  298  304  308  316  326  350  398  413  480  489
  12
  35  193  202  275  285  333  341  406  408  478  481  489
  16
  79  142  166  168  171  208  231  232  234  241  266  297  324  453  473  490
  3
  187  205  266
  11
  159  219  223  272  288  318  329  364  427  437  492
  6
  16  42  112  272  333  450
  3
  91  167  188
  17
  1  8  39  80  122  134  141  179  197  249  251  295  333  346  368  470  496
  3
  63  185  267
  16
  43  81  94  107  129  156  191  217  218  284  325  349  375  407  446  496
  19
  9  15  16  30  33  74  76  81  98  103  190  208  335  365  419  422  458  489  495
  11
  34  62  181  202  252  267  271  312  323  376  468
  13
  15  20  88  124  140  159  197  210  250  290  359  361  462
  10
  47  64  85  150  155  170  310  313  452  464
  2
  413  474
  2
  115  195
  9
  45  93  117  218  232  391  398  406  477
  3
  4  395  447
  14
  12  47  106  118  166  168  173  230  246  268  300  309  400  427
  3
  133  309  459
  8
  7  94  160  279  309  395  465  487
  3
  124  199  382
  12
  2  41  57  79  96  125  197  245  259  279  355  406
  5
  232  266  302  363  439
  2
  326  400
  17
  27  81  94  112  133  139  167  188  225  237  251  266  289  398  455  464  483
  8
  34  63  175  240  299  328  400  495
  5
  78  267  287  421  423
  8
  88  180  342  379  419  420  478  483
  7
  50  209  286  406  413  434  464
  9
  36  120  121  142  150  184  186  209  352
  8
  62  100  101  177  381  386  387  476
  14
  73  168  180  204  251  271  335  336  353  389  419  463  465  478
  5
  22  274  276  286  320
  20
  17  28  36  43  77  85  88  238  261  264  273  340  348  357  373  418  424  469  483  484
  11
  126  129  154  164  177  188  290  315  367  386  485
  14
  9  67  74  80  110  129  173  194  224  225  267  341  459  465
  13
  56  69  100  141  213  237  287  300  305  343  473  487  497
  20
  26  28  32  48  53  66  70  100  107  116  133  161  204  220  324  330  385  390  398  473
  3
  1  100  116
  10
  47  83  103  140  152  338  351  415  423  483
  18
  16  36  70  102  117  128  183  184  185  190  217  228  250  308  372  406  407  438
  10
  1  25  98  135  143  156  202  305  448  457
  9
  63  126  133  188  199  283  303  354  369
  6
  65  205  246  399  461  481
  12
  18  28  45  72  117  187  263  299  309  369  385  437
  9
  111  192  304  351  361  372  380  413  421
  9
  96  139  161  224  275  301  386  485  498
  11
  4  35  126  180  224  226  279  316  344  358  424
  16
  24  54  73  108  120  137  139  153  155  366  390  392  438  450  494  498
  5
  64  90  121  193  373
  2
  77  215
  15
  14  31  45  73  85  122  151  181  202  233  250  292  353  403  412
  15
  80  91  172  205  271  292  298  299  311  345  429  430  472  489  500
  16
  10  22  56  77  124  156  173  178  229  231  265  307  417  449  478  480
  20
  8  34  39  97  102  107  131  175  213  214  216  346  351  361  434  457  463  475  476  485
  12
  9  60  87  108  315  363  376  401  403  422  443  489
  10
  8  67  133  148  202  305  316  345  377  481
  3
  140  151  179
  13
  5  13  55  75  91  164  249  290  335  403  407  415  462
  2
  50  243
  14
  4  24  51  72  108  203  287  348  357  364  392  408  422  442
  14
  93  104  120  124  153  158  214  225  226  237  316  350  432  455
  12
  18  60  158  178  253  256  280  297  374  427  470  483
  20
  17  34  45  59  77  112  120  171  225  283  295  301  312  348  349  392  394  428  495  497
  9
  24  73  163  189  226  261  283  421  440
  17
  27  46  67  74  114  138  139  181  187  194  198  233  329  413  459  467  483
  20
  13  53  64  125  139  172  185  188  237  252  263  269  294  295  336  383  404  415  464  499
  8
  51  85  288  297  370  406  498  500
  4
  4  119  295  386
  12
  17  102  144  165  175  179  186  211  227  323  331  484
  11
  7  13  18  61  131  202  305  377  422  424  472
  12
  3  14  37  124  140  146  218  298  327  363  408  468
  16
  15  28  59  101  148  161  242  281  330  381  387  415  451  452  490  492
  10
  10  19  113  129  230  273  283  293  481  493
  9
  47  91  119  127  147  206  246  440  479
  15
  16  56  69  72  92  100  119  130  156  273  313  316  346  398  480
  2
  124  150
  13
  33  42  62  65  66  72  137  141  185  306  336  363  395
  12
  1  23  26  107  200  271  314  332  344  393  434  440
  18
  31  59  86  103  162  169  185  201  228  232  297  335  409  434  438  468  485  495
  7
  56  66  311  318  410  436  480
  19
  4  22  44  85  110  130  131  137  175  224  231  315  324  349  355  370  453  469  489
  16
  45  90  91  117  121  172  220  237  261  287  304  316  426  434  462  482
  15
  7  36  38  63  158  162  165  169  221  244  387  429  439  461  478
  13
  20  63  73  128  248  304  325  383  389  392  443  473  476
  18
  63  86  128  141  162  172  199  200  240  309  324  376  388  389  412  419  481  486
  6
  37  138  219  272  317  362
  5
  14  19  73  375  461
  20
  18  32  48  76  88  104  173  206  228  233  294  298  299  311  335  353  384  416  467  468
  15
  22  47  51  61  84  94  126  127  234  241  276  346  347  354  398
  2
  109  208
  16
  10  71  77  88  112  123  124  137  157  159  180  385  405  412  434  483
  7
  45  158  224  299  300  341  405
  17
  58  71  72  77  93  109  126  180  199  267  269  278  320  395  402  445  461
  4
  118  202  248  498
  9
  52  61  94  100  135  228  263  276  486
  15
  22  48  61  81  84  142  174  184  203  212  251  287  388  391  434
  20
  48  99  100  101  110  128  157  159  166  191  222  224  275  285  317  329  424  433  442  495
  12
  31  63  174  195  200  204  258  324  339  397  424  481
  17
  22  78  93  94  95  169  171  185  227  266  292  295  326  342  362  451  488
  9
  20  135  251  306  328  339  342  367  459
  9
  18  103  120  217  348  360  386  460  485
  7
  65  159  161  268  298  361  432
  6
  117  226  326  392  393  467
  19
  18  67  70  139  150  161  204  221  285  353  354  371  413  414  434  460  474  486  492
  7
  22  68  179  213  270  294  388
  8
  209  302  315  357  365  400  446  454
  11
  32  57  65  66  161  198  274  389  408  476  478
  18
  49  100  103  117  136  156  221  231  245  247  274  284  324  327  371  389  452  495
  2
  68  436
  15
  83  200  206  224  225  226  273  305  362  382  408  422  428  454  478
  17
  114  137  151  165  180  238  246  257  307  310  316  336  430  448  450  458  470
  4
  186  240  331  454
  7
  48  189  226  264  380  434  442
  13
  26  133  143  207  215  237  241  253  322  333  439  475  486
  12
  17  56  104  110  111  146  167  313  344  399  431  455
  20
  2  105  114  139  190  218  236  258  264  285  323  324  343  368  388  408  440  446  471  478
  17
  40  64  74  91  127  154  184  211  225  307  332  339  344  345  413  432  477
  4
  110  299  437  462
  13
  76  91  128  135  154  224  229  333  358  445  462  485  489
  8
  107  154  155  314  318  359  402  463
  10
  46  59  68  112  124  125  153  208  305  388
  12
  110  222  305  313  318  347  369  399  400  411  475  495
  18
  17  37  40  88  130  171  182  195  264  285  356  362  381  389  416  425  442  466
  3
  117  163  246
  15
  60  110  111  124  194  238  256  300  308  321  325  388  389  411  489
  6
  60  75  149  173  270  407
  9
  53  156  211  273  281  301  347  394  398
  8
  118  289  413  445  457  461  484  485
  13
  16  89  140  271  333  334  349  361  387  414  444  446  475
  3
  185  272  450
  14
  20  78  101  122  142  273  300  320  321  333  338  401  435  482
  16
  4  52  98  106  143  150  235  238  245  262  267  310  404  443  479  499
  5
  80  200  212  289  493
  17
  22  39  89  93  109  125  138  192  214  253  257  281  287  336  346  361  448
  3
  8  326  416
  15
  9  13  21  94  133  162  170  189  296  340  354  360  374  375  458
  4
  263  275  386  397
  6
  45  70  197  219  304  416
  17
  11  50  66  84  95  135  160  209  221  225  233  254  260  274  321  424  461
  2
  335  420
  16
  17  41  98  102  144  216  274  302  338  357  361  422  457  460  475  487
  11
  42  73  74  133  211  236  265  361  468  484  497
  10
  11  26  79  81  202  234  284  291  363  441
  4
  37  191  296  339
  20
  15  42  56  58  67  85  155  170  181  263  319  330  342  370  396  397  418  439  470  493
  8
  41  51  62  148  276  342  464  480
  5
  123  184  185  248  319
  16
  6  14  32  57  74  76  163  169  181  186  206  265  315  345  381  483
  14
  61  111  165  188  195  236  253  277  286  318  337  345  365  455
  13
  37  99  144  212  213  261  274  332  362  381  407  416  454
  20
  1  39  44  60  134  171  182  222  258  284  319  322  323  351  372  400  406  436  443  481
  19
  5  125  131  139  153  170  177  180  187  190  208  239  283  311  371  393  412  439  457
  19
  20  25  36  54  83  85  132  165  176  213  245  254  266  276  309  335  338  403  417
  6
  20  94  117  222  376  484
  8
  33  46  128  131  300  350  379  410
  20
  2  11  26  42  97  134  152  187  220  233  236  239  252  274  294  380  388  405  452  466
  4
  73  282  283  294
  17
  37  63  115  142  203  269  271  283  287  302  303  317  333  453  459  487  490
  11
  4  23  34  48  119  140  145  168  274  377  384
  11
  78  99  216  279  304  330  333  334  365  412  414
  10
  186  190  235  254  276  291  296  402  440  451
  6
  21  83  99  313  337  485
  12
  35  72  80  267  323  326  358  380  421  433  443  468
  14
  93  109  133  225  265  269  292  299  310  351  384  447  473  486
  15
  27  57  232  250  281  308  336  339  341  345  355  372  377  429  472
  18
  5  81  123  139  146  153  202  216  218  241  273  334  342  346  420  422  426  492
  20
  20  22  36  76  98  111  149  157  174  181  191  217  218  230  256  318  378  384  399  497
  19
  27  38  74  77  79  92  96  98  128  129  175  179  260  282  301  305  427  484  489
  4
  291  359  432  474
  14
  7  43  67  70  100  145  162  187  188  331  350  397  402  436
  9
  115  118  246  261  271  307  370  424  460
  4
  64  257  450  477
  15
  13  28  111  116  155  168  196  207  231  257  325  342  348  379  403
  17
  7  57  130  149  231  241  249  313  345  374  408  469  473  475  477  478  497
  11
  27  65  66  144  219  231  390  439  440  444  484
  17
  1  18  80  83  103  156  186  193  213  242  350  361  399  432  439  461  463
  20
  19  61  67  101  112  133  189  196  237  242  252  299  303  304  321  360  363  420  440  473
  8
  111  134  190  235  397  410  448  466
  11
  41  161  207  240  268  275  298  302  472  480  488
  3
  347  472  497
  18
  7  37  72  119  160  166  171  202  329  339  376  378  396  421  435  461  496  500
  17
  38  89  111  114  115  136  163  188  202  271  283  312  318  380  387  395  426
  20
  21  23  52  68  69  151  168  173  239  307  351  360  387  393  395  404  414  427  445  465
  13
  29  58  74  81  82  144  172  216  235  313  357  418  498
  9
  103  106  115  165  181  215  335  491  495
  14
  6  12  118  133  148  160  190  247  258  318  351  362  377  497
  4
  6  103  216  282
  17
  70  87  90  99  143  172  199  239  245  262  268  324  330  357  391  422  493
  5
  166  292  411  452  498
  9
  10  18  51  150  371  389  448  480  498
  18
  52  110  162  172  180  195  209  272  298  311  313  372  378  401  416  433  467  478
  12
  66  180  207  222  310  330  346  369  377  455  456  495
  5
  2  314  379  448  493
  12
  48  84  135  161  172  207  248  334  348  434  438  480
  16
  8  45  56  92  109  119  161  187  217  259  260  296  445  486  494  495
  8
  24  100  111  205  217  232  419  439
  12
  7  29  49  85  93  100  133  200  219  254  256  420
  10
  84  90  221  225  228  282  345  381  384  418
  20
  2  8  38  161  176  179  183  222  257  275  342  368  377  389  424  425  428  440  467  480
  13
  32  41  53  191  208  225  333  335  416  417  418  420  463
  6
  12  37  47  137  241  257
  6
  11  49  61  114  251  404
  2
  135  215
  11
  13  20  73  137  178  215  257  278  349  370  385
  17
  74  81  107  135  151  167  275  287  291  313  352  354  370  374  463  479  486
  9
  62  79  154  174  193  327  405  407  480
  16
  22  55  102  162  208  234  276  285  288  297  339  344  376  416  430  447
  18
  10  33  38  44  55  69  95  101  105  145  154  156  237  303  312  420  426  485
  7
  18  46  89  165  188  217  449
  16
  74  95  111  230  231  246  248  250  300  312  321  328  385  441  460  482
  2
  163  252
  8
  42  93  100  191  258  267  310  418
  4
  11  142  188  392
  5
  36  216  275  430  442
  2
  178  378
  6
  153  173  222  286  310  373
  12
  1  18  99  127  203  219  297  336  394  407  426  429
  10
  104  141  164  210  300  313  357  365  444  497
  17
  4  14  18  19  209  210  235  240  260  287  342  360  411  425  456  476  488
  17
  12  51  55  59  83  94  123  131  150  167  170  187  239  243  264  303  415
  16
  6  16  27  50  57  81  171  192  205  206  212  306  390  444  457  462
  17
  17  18  19  114  141  142  173  193  221  262  265  357  389  422  443  444  451
  19
  99  104  105  138  140  163  199  257  264  334  347  359  438  440  451  467  471  489  498
  18
  4  19  29  46  144  177  199  207  239  243  304  322  344  448  457  483  484  492
  15
  44  63  100  124  142  195  202  233  292  319  335  357  397  418  481
  20
  13  14  17  56  63  72  110  111  120  156  169  182  184  252  253  299  316  337  436  475
  9
  22  112  266  287  407  413  450  483  484
  17
  45  50  54  162  225  267  299  312  324  334  363  393  405  411  433  447  495
  18
  23  45  91  111  156  197  200  207  214  224  290  292  358  371  380  411  434  439
  4
  39  53  132  333
  6
  42  223  232  309  313  492
  19
  19  40  54  72  111  137  186  190  194  209  244  288  312  326  330  386  390  439  468
  9
  46  111  115  128  144  249  251  368  447
  16
  37  58  62  81  135  202  211  214  220  224  261  306  348  430  436  480
  16
  22  24  30  53  60  98  99  120  133  137  204  270  291  405  431  434
  20
  97  99  115  131  140  143  172  213  224  254  268  278  284  286  336  424  437  446  447  464
  4
  52  132  399  415
  18
  6  52  76  136  188  198  250  254  293  310  328  329  359  370  373  395  403  446
  19
  46  52  65  73  87  93  131  134  173  222  257  272  279  290  299  336  349  382  486
  18
  8  23  47  69  158  160  196  205  272  297  299  310  323  335  389  406  407  484
  3
  270  319  425
  5
  142  299  346  402  447
  5
  12  73  178  285  423
  19
  55  136  161  168  237  240  291  306  322  331  342  357  427  430  458  467  476  494  495
  7
  131  192  220  319  361  392  441
  6
  183  375  391  401  421  454
  3
  35  158  213
  3
  10  394  487
  10
  2  15  73  81  113  138  140  197  333  374
  8
  20  25  124  132  220  249  258  396
  8
  68  76  77  195  342  386  389  404
  8
  21  97  286  334  382  440  445  499
  12
  38  237  240  246  263  271  281  307  309  414  432  480
  9
  35  136  139  155  331  342  348  396  498
  5
  11  63  132  239  413
  14
  16  33  65  118  125  130  159  203  287  307  374  410  437  449
  9
  43  51  97  182  234  296  385  458  497
  4
  126  134  363  486
  14
  46  122  137  164  251  253  255  280  333  381  416  428  465  493
  7
  4  95  98  209  260  409  444
  12
  128  151  160  167  178  225  252  277  369  383  420  434
  9
  37  53  106  190  268  271  291  342  449
  20
  37  38  73  75  157  159  181  183  186  194  204  232  237  270  300  320  339  403  414  499
  4
  137  183  447  469
  5
  104  178  216  340  488
  20
  3  5  21  80  87  91  134  184  192  197  252  260  278  299  346  425  430  437  447  450
  10
  30  42  98  199  225  227  279  369  375  388
  18
  27  55  78  106  124  146  149  157  192  221  240  249  336  354  390  450  455  489
  15
  50  63  133  139  142  157  162  272  307  322  327  439  472  476  487
  19
  9  32  46  69  72  154  161  195  203  255  274  297  341  342  348  354  358  394  488
  18
  6  24  52  61  67  115  142  186  195  225  229  239  256  269  383  397  440  468
  12
  10  33  107  188  189  231  252  261  293  350  449  467
  7
  31  127  187  250  386  398  441
  15
  5  7  69  83  95  117  148  264  309  317  329  347  356  391  483
  6
  86  116  126  149  405  445
  19
  25  44  51  110  148  182  183  201  220  224  298  308  353  364  419  421  443  445  473
  13
  75  96  99  111  172  228  230  238  247  325  338  363  423
  10
  46  97  219  267  269  379  397  407  456  484
  20
  63  94  100  119  142  152  171  177  219  237  264  287  288  378  387  388  389  405  419  475
  10
  23  31  198  233  262  281  285  312  339  383
  4
  138  446  449  475
  18
  6  18  23  31  81  245  276  324  340  354  363  429  430  460  470  476  482  495
  2
  4  93
  18
  7  12  17  29  105  126  231  243  322  404  416  417  448  457  465  477  480  497
  3
  133  160  406
  19
  11  12  35  69  172  178  201  237  269  270  277  281  303  383  385  387  411  446  470
  13
  7  19  46  80  101  113  116  310  325  372  412  448  460
  12
  23  51  139  167  247  270  287  293  316  381  390  483
  4
  3  9  76  211
  9
  102  112  290  349  368  392  406  407  465
  8
  51  70  270  286  308  380  411  439
  11
  2  36  115  126  143  215  242  301  407  431  454
  19
  6  13  17  84  103  124  143  163  175  201  292  298  306  313  336  357  438  475  478
  8
  96  140  147  149  164  274  474  498
  10
  34  94  189  210  226  255  267  293  395  457
  18
  85  188  244  265  288  334  335  348  383  384  419  422  423  446  457  459  478  487
  3
  72  123  162
  13
  26  93  187  245  284  304  317  352  356  372  436  466  496
  18
  3  23  24  39  230  266  283  323  325  327  339  367  390  401  403  414  486  497
  18
  7  12  37  98  204  214  228  281  305  310  348  349  359  369  373  446  469  499
  6
  43  277  284  287  351  421
  10
  5  104  192  254  287  294  385  415  478  490
  7
  108  173  236  344  356  384  443
  12
  58  74  148  170  180  226  291  319  344  396  445  471
  11
  49  70  115  180  194  198  229  241  314  347  381
  14
  9  31  59  112  164  172  174  236  253  288  312  346  472  499
  16
  21  25  138  139  145  233  247  253  261  264  292  313  352  375  405  417
  12
  37  61  100  109  127  145  305  321  365  370  446  483
  3
  53  191  264
  17
  15  58  106  129  154  157  199  260  283  290  321  353  361  364  367  401  495
  11
  46  195  248  371  390  409  418  433  436  478  481
  6
  110  165  387  389  439  462
  20
  46  52  68  72  105  125  141  154  170  208  240  317  327  395  421  431  446  457  458  495
  2
  254  459
  15
  45  97  129  137  157  174  175  193  274  302  323  336  446  474  492
  3
  12  42  345
  9
  27  106  186  215  230  297  328  392  449
  9
  140  174  274  316  326  368  369  378  389
  12
  22  51  83  95  122  154  167  388  449  450  483  500
  13
  52  142  147  163  167  179  207  219  276  284  325  345  357
  16
  9  39  71  145  146  190  193  234  262  322  334  360  387  451  474  480
  6
  61  93  174  236  397  416
  13
  5  54  57  95  153  154  190  209  210  273  304  399  442
  10
  21  38  163  221  264  308  333  400  462  464
  5
  114  176  283  357  447
  15
  25  76  115  162  208  212  213  244  270  308  352  385  440  462  478
  9
  154  170  230  290  358  381  413  432  475
  6
  47  64  151  243  251  388
  12
  186  242  251  302  323  365  374  381  443  462  476  486
  18
  5  8  56  61  83  116  144  162  179  184  194  254  301  314  410  429  470  476
  5
  10  63  160  245  435
  2
  186  246
  5
  106  156  321  354  488
  19
  13  52  73  104  170  206  235  261  275  290  323  332  342  367  375  406  442  445  494
  14
  85  104  129  131  133  230  233  253  261  343  362  393  421  443
  16
  22  32  57  83  96  157  168  184  190  191  212  294  335  352  420  448
  11
  58  75  101  150  186  210  302  317  362  383  425
  7
  54  168  279  312  351  379  432
  20
  1  31  47  51  68  98  102  116  166  229  239  245  279  296  333  375  445  474  482  489
  18
  7  88  103  129  165  166  195  198  232  262  263  271  297  340  365  382  436  466
  10
  12  70  204  225  253  278  472  473  491  492
  19
  27  50  68  70  71  118  135  189  206  245  277  298  341  369  413  449  457  458  495
  7
  45  300  343  430  440  451  463
  13
  35  105  192  245  255  335  370  378  420  421  423  464  487
  7
  27  140  204  223  226  300  305
  7
  69  77  113  160  229  347  439
  15
  4  40  152  153  166  225  255  262  278  279  326  393  405  427  497
  17
  18  23  53  76  108  174  198  200  214  221  223  274  278  282  300  406  412
  15
  14  20  45  69  168  224  254  278  287  342  362  398  406  433  462
  10
  20  44  45  46  139  141  142  195  233  488
  14
  162  200  203  226  242  243  255  288  323  364  377  393  395  471
  18
  3  13  116  163  184  206  218  267  285  292  325  368  372  407  422  426  438  495
  11
  17  59  60  85  104  174  227  234  273  342  445
  19
  25  48  172  183  211  227  233  246  281  309  328  353  356  378  458  466  484  491  498
  8
  106  128  252  385  396  417  487  496
  8
  16  207  227  228  305  404  411  431
  16
  24  42  51  59  68  82  96  102  106  250  272  273  276  339  413  476
  17
  6  30  37  127  154  165  194  263  307  318  430  450  451  480  483  499  500
  6
  63  179  218  220  330  498
  3
  270  347  393
  17
  10  20  29  81  112  130  140  148  162  241  268  317  330  344  406  412  439
  13
  9  63  112  151  176  218  242  318  325  332  344  420  434
  2
  6  286
  10
  29  198  337  352  370  387  433  436  468  478
  19
  30  56  136  141  156  198  204  224  227  290  292  303  325  404  434  460  468  476  481
  5
  47  123  235  264  425
  18
  10  32  85  129  158  248  262  282  295  299  328  366  373  395  396  459  477  497
  16
  11  27  31  56  89  97  184  189  230  267  383  423  425  444  487  491
  18
  26  38  52  88  90  133  234  260  264  270  289  296  361  386  399  441  452  474
  19
  13  80  120  155  185  226  234  247  281  283  300  315  325  360  389  420  421  446  481
  17
  1  11  139  181  233  247  284  295  318  381  399  409  454  471  472  478  495
  15
  43  53  62  128  136  160  222  228  242  245  263  336  376  435  479
  3
  130  248  429
  7
  7  12  74  103  173  244  314
  11
  86  175  218  285  324  336  369  401  445  473  477
  18
  7  8  24  43  45  57  61  88  94  106  153  155  198  400  419  458  494  495
  9
  11  121  234  258  271  351  357  361  395
  10
  35  45  150  209  295  302  362  432  462  469
  10
  36  106  117  124  231  238  317  371  457  460
  10
  94  117  134  142  190  259  318  344  364  439
  15
  14  102  148  166  187  193  197  222  293  308  335  359  360  388  389
  10
  6  38  48  57  121  125  135  324  343  352
  10
  10  37  69  80  183  205  227  374  385  389
  7
  148  152  292  384  421  430  443
  6
  211  264  302  488  495  500
  18
  7  22  29  53  60  76  184  194  215  231  242  339  368  383  404  422  446  453
  2
  105  410
  17
  21  38  61  81  117  158  160  210  263  303  343  344  367  376  394  496  497
  13
  1  30  71  131  172  209  248  282  368  401  411  432  474
  15
  39  43  166  205  222  241  246  248  278  314  321  357  366  424  486
  11
  81  86  99  102  194  249  345  395  441  470  486
  2
  253  275
  7
  17  25  257  283  317  332  466
  18
  24  37  59  193  201  224  227  270  311  335  367  376  400  424  425  427  451  459
  14
  6  13  81  91  108  138  159  165  226  229  258  299  380  405
  4
  132  160  426  490
  19
  12  30  57  89  124  126  176  215  224  239  243  259  270  312  339  353  414  441  478
  17
  15  50  125  136  144  145  180  195  255  271  278  295  321  327  380  381  472
  19
  4  17  100  120  209  227  258  291  297  304  320  343  361  369  412  440  463  495  498
  14
  70  165  232  318  344  365  366  409  425  430  472  477  489  500
  16
  51  87  186  188  224  241  295  297  341  356  376  385  406  445  461  492
  6
  28  110  123  298  313  477
  6
  24  51  104  358  377  472
  4
  80  115  436  467
  2
  23  62
  16
  8  61  64  80  93  96  98  143  195  232  302  328  401  478  482  491
  16
  8  26  43  69  130  139  182  228  310  328  349  355  357  366  378  437
  18
  20  73  105  173  219  248  252  340  360  411  414  421  425  459  463  466  473  485
  18
  4  6  13  37  86  135  194  273  318  327  339  382  397  456  467  477  485  491
  18
  9  17  34  43  121  170  184  248  254  305  313  329  342  447  472  484  494  497
  15
  11  49  124  143  178  241  262  309  340  341  359  391  437  451  474
  18
  1  54  85  96  108  148  186  196  217  249  261  263  346  354  366  427  436  468
  15
  10  17  19  69  71  144  247  251  321  357  366  439  457  460  468
  14
  15  38  58  59  115  144  166  221  409  424  438  443  462  463
  3
  30  75  267
  15
  18  31  115  118  160  174  205  359  360  369  372  438  444  479  497
  9
  60  280  286  301  307  366  444  456  477
  13
  9  97  182  229  243  246  247  260  268  387  456  484  494
  10
  18  51  182  276  378  379  385  387  428  484
  10
  129  156  169  199  214  273  288  327  417  473
  17
  43  48  70  117  118  155  181  206  229  252  285  305  434  444  476  486  490
  6
  40  122  188  191  231  355
  2
  323  499
  12
  33  81  86  131  176  188  208  359  430  442  453  475
  13
  13  76  86  102  161  178  204  218  231  398  420  429  437
  17
  7  36  39  130  133  154  174  185  223  264  322  323  363  414  421  446  459
  6
  131  197  250  275  473  490
  4
  91  160  225  294
  2
  456  491
  12
  17  116  131  143  226  257  273  281  300  320  430  447
  11
  67  104  173  180  227  234  296  323  347  409  417
  12
  85  124  153  184  196  261  351  376  384  405  411  428
  7
  28  131  148  170  307  344  375
  7
  24  113  233  257  320  360  471
  14
  43  84  124  144  201  202  277  291  316  366  391  412  433  485
  8
  3  96  105  190  254  267  361  405
  10
  8  47  141  172  175  218  221  257  302  381
  16
  11  19  24  104  190  201  254  258  315  359  394  397  410  424  427  486
  15
  27  30  37  68  80  110  157  238  331  333  363  383  390  436  468
  11
  38  133  157  183  184  191  244  316  390  403  469
  4
  20  51  114  421
  14
  24  33  57  67  118  132  153  206  223  231  363  372  393  496
  18
  45  65  67  82  124  199  259  261  272  308  316  365  404  414  416  433  435  483
  17
  2  30  69  104  171  183  191  192  203  325  347  353  408  410  428  488  495
  14
  78  179  192  196  210  263  377  381  392  417  440  480  484  500
  2
  129  268
  12
  3  4  71  91  105  143  180  237  291  325  375  477
  15
  63  66  78  111  119  157  177  255  261  269  316  349  415  426  451
  11
  49  68  126  149  217  248  307  321  326  373  472
  3
  229  358  407
  12
  33  102  165  182  267  288  298  333  341  368  436  444
  4
  55  129  261  289
  6
  22  225  227  411  428  433
  11
  30  123  131  153  254  298  314  324  451  465  478
  13
  84  108  142  156  160  166  235  270  356  361  426  463  483
  11
  59  61  107  149  227  252  371  420  435  436  486
  20
  9  72  109  130  138  189  195  213  250  280  304  344  345  383  392  407  410  411  436  452
  7
  17  98  145  190  244  388  500
  19
  16  26  47  55  63  86  127  151  197  232  252  270  338  355  370  381  385  416  470
  7
  123  163  181  187  250  267  372
  2
  14  388
  3
  76  236  337
  10
  63  70  79  127  129  138  252  264  303  360
  11
  6  15  68  104  155  165  256  264  275  313  494
  16
  54  68  83  97  107  135  163  171  222  273  274  315  338  366  382  398
  9
  11  49  67  118  143  189  403  437  480
  18
  5  11  84  110  145  166  199  209  233  244  249  299  309  333  404  438  449  489
  2
  411  443
  8
  182  226  233  343  412  450  451  489
  3
  90  205  490
  5
  106  109  158  243  256
  7
  85  104  286  296  410  453  486
  14
  1  59  172  231  250  286  287  298  357  413  414  432  485  499
  7
  119  136  194  232  273  372  379
  17
  14  46  114  121  182  206  240  308  318  348  356  363  371  408  456  489  490
  4
  39  260  267  373
  14
  28  54  69  85  103  149  178  220  224  286  316  409  465  484
  3
  56  157  448
  20
  3  26  39  61  72  115  140  158  162  163  171  199  217  287  321  338  343  419  421  472
  18
  23  25  53  78  113  126  132  156  188  223  229  258  280  362  365  386  467  476
  6
  12  18  182  210  405  453
  2
  85  401
  8
  34  72  95  174  180  235  279  450
  6
  8  141  193  299  332  351
  9
  3  44  169  297  338  351  383  475  480
  8
  14  142  162  192  368  429  478  482
  13
  25  59  62  133  244  249  295  300  357  369  387  393  433
  7
  34  164  206  212  232  355  404
  8
  39  99  196  319  360  386  398  429
  6
  21  135  169  271  331  482
  16
  51  57  80  145  210  224  257  291  347  357  362  363  421  430  456  466
  16
  26  43  121  139  216  218  246  277  302  367  374  383  427  432  464  498
  4
  85  417  436  443
  14
  37  130  180  200  221  259  323  337  342  375  379  390  460  496
  16
  49  56  81  93  123  134  175  193  248  289  331  406  427  466  468  474
  8
  32  43  55  228  266  280  324  363
  17
  5  21  32  34  67  85  173  202  256  287  306  313  319  373  375  409  415
  6
  158  341  347  388  438  439
  15
  23  53  64  127  130  149  162  170  216  222  291  324  366  471  482
  14
  26  30  42  74  128  191  194  216  245  313  358  367  373  447
  18
  47  92  111  119  136  155  176  182  265  314  315  407  442  443  459  473  485  491
  9
  135  266  308  312  359  396  413  437  481
  3
  172  228  378
  2
  81  262
  6
  27  234  298  307  361  406
  14
  22  25  70  109  156  199  207  230  265  285  292  351  466  470
  20
  4  21  102  125  171  204  215  216  230  241  256  261  278  286  293  368  407  429  481  486
  7
  2  40  271  300  347  376  409
  6
  5  90  194  251  471  493
  5
  72  228  286  298  315
  7
  37  64  182  222  298  399  432
  11
  50  114  151  166  195  204  237  282  394  413  479
  10
  86  168  226  301  323  328  355  386  399  415
  12
  11  15  62  199  214  239  260  271  300  372  446  453
  8
  8  28  38  264  272  305  437  449
  7
  37  140  200  246  293  309  364
  10
  85  97  180  256  294  304  362  415  420  477
  16
  17  18  27  41  97  125  133  221  233  255  286  354  360  411  432  467
  18
  56  60  83  129  171  205  210  270  273  308  329  369  387  397  410  450  463  469
  12
  10  115  120  127  130  141  205  266  314  435  471  493
  8
  57  119  177  223  378  414  465  486
  5
  30  283  322  352  451
  8
  24  38  42  162  220  258  259  366
  11
  38  100  101  110  187  202  276  316  386  451  466
  8
  17  184  234  274  337  401  441  490
  4
  236  304  415  492
  4
  50  246  323  368
  12
  50  167  195  227  247  267  412  424  435  476  478  498
  10
  47  75  124  137  234  346  358  372  423  462
  17
  87  123  160  164  165  184  262  287  288  321  324  328  383  388  432  441  494
  5
  44  81  107  110  482
  13
  5  46  84  113  123  202  218  256  365  426  468  470  473
  8
  9  71  145  197  200  311  364  473
  20
  26  32  50  94  121  134  163  166  216  221  231  257  283  290  302  310  354  384  404  420
  7
  34  161  244  245  294  386  484
  14
  172  180  192  213  232  243  265  313  323  352  355  432  466  469
  2
  139  239
  7
  28  33  134  279  332  372  481
  17
  22  29  68  102  105  136  148  168  178  214  231  258  263  289  334  450  485
  13
  6  16  88  121  203  332  333  358  369  376  380  477  481
  19
  1  68  71  76  79  163  219  227  232  255  286  287  293  345  356  375  378  389  442
  2
  21  447
  3
  230  439  464
  20
  3  70  145  146  168  178  206  219  280  311  338  353  359  368  380  385  463  467  493  498
  11
  55  113  136  144  150  241  249  296  354  382  464
  3
  140  398  418
