  500  500
  1  1  1  1  1  1  1  1  1  1  1  1  1  1  1  1  1  1  1  1  1  1  1  1  1  1  1  1  1  1  1  1  1  1  1  1  1  1  1  1  1  1  1  1  1  1  1  1  1  1  1  1  1  1  1  1  1  1  1  1  1  1  1  1  1  1  1  1  1  1  1  1  1  1  1  1  1  1  1  1  1  1  1  1  1  1  1  1  1  1  1  1  1  1  1  1  1  1  1  1  1  1  1  1  1  1  1  1  1  1  1  1  1  1  1  1  1  1  1  1  1  1  1  1  1  1  1  1  1  1  1  1  1  1  1  1  1  1  1  1  1  1  1  1  1  1  1  1  1  1  1  1  1  1  1  1  1  1  1  1  1  1  1  1  1  1  1  1  1  1  1  1  1  1  1  1  1  1  1  1  1  1  1  1  1  1  1  1  1  1  1  1  1  1  1  1  1  1  1  1  1  1  1  1  1  1  1  1  1  1  1  1  1  1  1  1  1  1  1  1  1  1  1  1  1  1  1  1  1  1  1  1  1  1  1  1  1  1  1  1  1  1  1  1  1  1  1  1  1  1  1  1  1  1  1  1  1  1  1  1  1  1  1  1  1  1  1  1  1  1  1  1  1  1  1  1  1  1  1  1  1  1  1  1  1  1  1  1  1  1  1  1  1  1  1  1  1  1  1  1  1  1  1  1  1  1  1  1  1  1  1  1  1  1  1  1  1  1  1  1  1  1  1  1  1  1  1  1  1  1  1  1  1  1  1  1  1  1  1  1  1  1  1  1  1  1  1  1  1  1  1  1  1  1  1  1  1  1  1  1  1  1  1  1  1  1  1  1  1  1  1  1  1  1  1  1  1  1  1  1  1  1  1  1  1  1  1  1  1  1  1  1  1  1  1  1  1  1  1  1  1  1  1  1  1  1  1  1  1  1  1  1  1  1  1  1  1  1  1  1  1  1  1  1  1  1  1  1  1  1  1  1  1  1  1  1  1  1  1  1  1  1  1  1  1  1  1  1  1  1  1  1  1  1  1  1  1  1  1  1  1  1  1  1  1  1  1  1  1  1  1  1  1  1  1  1  1  1  1  1  1  1  1  1  1  1  1  1  1  1  1  1  1  1  1  1  1  1  1  1
  3
  63  207  223
  8
  1  121  150  317  399  428  453  465
  6
  155  232  321  379  438  481
  8
  146  222  301  318  387  392  436  473
  6
  48  71  143  226  385  420
  4
  86  181  224  306
  2
  1  309
  4
  254  268  333  341
  2
  13  360
  10
  93  179  382  391  393  402  444  446  447  468
  6
  102  252  271  375  396  436
  9
  12  20  47  52  285  302  376  399  422
  2
  302  397
  10
  81  146  188  228  269  304  330  402  431  448
  10
  68  174  200  211  214  269  278  311  343  431
  7
  178  270  290  347  392  475  494
  3
  362  476  487
  3
  185  376  425
  10
  116  135  158  164  213  259  342  354  483  499
  3
  30  228  258
  4
  43  52  168  320
  3
  208  355  462
  2
  305  309
  5
  24  93  103  203  247
  3
  221  232  466
  4
  9  122  217  246
  3
  212  417  496
  8
  64  66  125  162  164  344  480  493
  8
  46  79  111  144  166  256  374  449
  10
  31  36  44  65  94  143  227  314  349  425
  2
  153  410
  2
  33  332
  10
  20  62  92  164  221  385  393  407  444  458
  5
  75  182  375  422  469
  8
  125  130  144  210  261  284  405  427
  2
  21  460
  8
  48  130  153  225  344  375  397  425
  5
  24  158  172  190  394
  10
  41  144  158  270  283  323  329  335  357  418
  7
  5  156  200  207  266  323  371
  3
  130  237  345
  6
  52  77  99  301  436  446
  6
  40  68  80  118  282  337
  8
  80  89  130  260  337  417  457  483
  3
  159  230  436
  2
  50  70
  2
  24  332
  3
  86  185  350
  8
  79  90  130  201  235  304  437  461
  5
  56  139  293  311  396
  4
  192  296  303  352
  2
  337  405
  6
  52  76  280  372  431  459
  9
  20  198  274  324  328  329  350  426  452
  4
  73  153  276  311
  6
  262  338  343  401  456  463
  3
  9  10  200
  7
  101  137  203  221  404  466  490
  3
  224  335  347
  2
  66  77
  7
  12  129  241  275  340  365  482
  4
  51  311  419  421
  9
  82  115  133  158  242  245  275  350  412
  8
  65  70  111  178  235  279  312  342
  6
  35  122  150  188  233  254
  7
  48  152  185  293  295  339  375
  8
  16  116  154  182  202  332  404  474
  9
  91  119  231  241  289  322  388  450  465
  4
  162  169  224  273
  7
  112  122  173  209  214  354  410
  5
  60  108  112  232  270
  3
  135  281  398
  5
  78  197  285  287  424
  10
  47  106  174  278  284  361  368  464  498  499
  3
  299  339  418
  4
  3  93  146  450
  3
  37  242  392
  5
  23  36  296  391  412
  4
  24  326  435  473
  10
  43  123  165  175  176  190  207  339  353  488
  6
  66  172  204  231  232  417
  2
  37  202
  9
  220  276  314  406  409  422  440  442  483
  2
  283  394
  9
  17  67  119  214  273  282  287  330  407
  5
  29  50  51  69  109
  2
  40  79
  8
  55  182  195  198  207  267  351  494
  6
  65  71  150  206  219  291
  10
  33  40  76  94  137  168  246  463  469  471
  8
  37  89  120  149  202  211  415  451
  7
  38  126  201  272  324  451  498
  5
  5  152  159  413  430
  7
  129  186  283  306  329  419  493
  3
  167  199  258
  3
  11  263  446
  5
  116  163  284  369  386
  9
  133  150  174  214  308  329  343  377  379
  8
  63  102  180  257  275  348  423  428
  2
  82  456
  6
  83  107  275  390  454  465
  8
  69  147  184  340  384  395  488  494
  9
  19  32  109  183  218  272  381  408  479
  8
  22  44  166  231  340  357  361  467
  4
  100  152  456  470
  5
  232  306  313  389  405
  6
  58  63  190  296  299  456
  5
  79  139  284  326  355
  4
  90  311  442  469
  10
  45  66  94  145  159  214  269  294  384  498
  10
  87  124  132  168  245  293  330  360  370  500
  8
  2  4  91  177  214  279  405  482
  7
  7  53  70  175  357  369  482
  9
  68  144  174  218  245  292  293  311  376
  3
  100  166  340
  4
  5  236  301  385
  3
  240  440  489
  2
  43  247
  7
  34  84  115  263  328  340  389
  10
  36  39  92  201  218  220  231  250  338  384
  4
  68  70  269  424
  7
  55  155  156  376  389  405  476
  5
  21  138  164  428  457
  9
  5  116  120  206  213  331  373  413  435
  2
  225  243
  10
  17  30  63  101  152  158  338  384  396  411
  3
  99  185  429
  9
  2  83  143  218  227  242  301  370  391
  6
  70  134  168  171  211  437
  4
  111  216  293  378
  3
  63  278  494
  3
  17  300  326
  6
  22  41  45  158  330  449
  7
  25  83  140  186  259  329  390
  8
  165  327  375  381  450  458  488  496
  5
  133  144  302  419  443
  10
  38  49  74  82  146  227  261  333  370  374
  4
  52  208  274  342
  6
  74  290  319  341  422  472
  3
  211  238  269
  8
  42  103  238  294  422  431  468  488
  2
  28  335
  5
  348  399  418  460  465
  3
  193  226  384
  2
  284  493
  4
  214  360  366  392
  2
  88  437
  5
  108  264  329  363  428
  9
  21  72  73  90  114  135  191  370  406
  8
  107  140  238  269  326  389  427  471
  4
  3  8  377  396
  6
  76  166  216  331  403  474
  9
  3  38  149  167  241  288  289  322  448
  9
  62  112  132  251  284  300  355  358  491
  7
  22  56  158  379  439  465  492
  2
  437  480
  4
  201  318  357  436
  6
  82  118  144  255  423  487
  9
  23  136  156  196  225  242  389  442  497
  8
  166  199  204  326  374  418  429  457
  4
  63  143  211  319
  7
  20  117  146  149  329  464  479
  2
  265  273
  8
  5  12  57  261  341  406  467  470
  3
  41  169  470
  3
  32  180  486
  2
  379  402
  7
  7  103  165  201  453  455  480
  2
  64  218
  6
  27  157  273  320  321  447
  2
  188  500
  2
  442  452
  6
  85  244  294  301  341  418
  7
  50  82  161  180  394  410  424
  2
  218  310
  3
  238  287  357
  5
  69  143  150  222  293
  10
  73  152  222  233  245  345  462  467  474  494
  5
  174  257  311  386  433
  7
  71  94  248  277  316  385  443
  3
  57  62  349
  6
  25  172  181  211  253  364
  10
  41  44  70  72  185  299  306  311  407  468
  7
  106  150  154  232  233  296  414
  8
  25  205  243  286  319  420  472  486
  6
  4  41  123  269  404  459
  6
  61  114  130  223  254  286
  5
  111  126  330  482  485
  4
  43  79  170  211
  4
  5  16  210  495
  9
  85  179  200  211  336  383  432  444  491
  2
  296  460
  10
  8  18  61  93  170  208  259  272  385  488
  10
  11  19  60  163  248  266  314  347  361  404
  8
  75  107  111  224  326  348  377  451
  4
  26  152  179  272
  3
  28  77  347
  5
  1  4  176  323  382
  10
  125  154  166  179  181  297  364  435  466  482
  6
  129  190  243  258  469  492
  9
  4  25  72  307  323  439  446  462  472
  7
  18  99  192  219  250  329  454
  4
  152  227  274  439
  4
  51  275  320  481
  7
  31  70  110  165  403  410  435
  6
  104  330  341  407  417  467
  10
  17  48  99  175  219  221  287  308  334  347
  5
  198  199  386  472  478
  4
  68  266  302  307
  10
  8  43  79  121  291  305  312  313  403  476
  6
  83  170  264  394  452  475
  8
  117  166  250  257  311  352  401  433
  8
  21  66  69  172  234  337  362  370
  2
  136  370
  5
  54  183  325  394  448
  10
  59  74  223  253  265  270  274  313  433  494
  8
  161  267  327  328  348  443  451  458
  5
  64  76  289  387  436
  4
  228  294  363  448
  2
  241  246
  6
  56  88  143  163  183  209
  6
  147  239  275  293  369  451
  7
  32  35  55  83  183  360  383
  2
  407  416
  5
  30  206  267  333  397
  2
  253  443
  2
  354  356
  7
  3  7  52  120  153  185  466
  8
  21  82  87  92  96  134  357  421
  6
  7  64  66  131  230  334
  5
  14  81  86  154  333
  7
  19  40  88  97  163  363  393
  9
  29  40  58  115  174  189  220  284  398
  9
  4  37  56  75  228  232  244  336  369
  7
  77  149  210  231  382  384  392
  2
  388  402
  2
  58  93
  4
  149  212  466  490
  8
  107  193  206  277  278  450  452  478
  3
  79  235  400
  4
  44  104  305  451
  3
  5  384  392
  9
  15  23  83  164  221  278  383  461  474
  10
  20  27  89  96  228  343  388  412  450  486
  2
  129  331
  5
  43  109  190  377  412
  8
  174  301  389  393  432  443  454  456
  8
  21  29  99  171  193  241  283  486
  2
  42  271
  6
  84  164  231  267  314  342
  3
  197  304  324
  10
  72  207  220  227  231  341  344  383  413  491
  8
  1  103  117  223  245  334  442  487
  8
  39  85  145  196  260  275  445  477
  6
  63  185  225  361  378  462
  7
  49  80  198  200  203  358  412
  5
  8  127  149  198  333
  2
  95  480
  9
  15  25  51  192  360  368  375  401  410
  5
  62  124  126  153  313
  10
  59  141  179  236  286  330  352  439  459  487
  4
  72  369  440  492
  9
  29  148  166  192  201  223  279  330  380
  9
  157  189  249  270  282  292  388  409  445
  4
  55  64  221  491
  5
  50  300  325  338  461
  4
  3  35  80  344
  8
  62  65  125  178  208  250  387  412
  7
  53  221  259  405  468  473  485
  10
  77  167  180  248  292  325  336  394  476  487
  5
  34  380  429  436  494
  8
  10  103  163  178  210  393  395  492
  9
  24  79  223  267  289  368  413  422  491
  2
  88  213
  6
  9  105  157  166  175  206
  6
  196  236  315  391  397  447
  4
  37  264  306  418
  9
  11  57  170  183  248  260  352  404  417
  6
  12  90  272  281  345  420
  4
  14  172  242  322
  9
  110  190  233  246  271  344  396  469  487
  8
  5  10  46  155  207  245  298  353
  10
  12  42  78  189  283  311  332  365  373  481
  8
  21  63  124  169  240  257  351  427
  6
  73  94  216  225  242  275
  3
  135  202  393
  4
  171  339  356  436
  8
  74  109  153  172  232  308  479  483
  10
  28  35  88  92  216  370  376  379  402  425
  5
  173  181  239  380  434
  8
  182  204  226  234  430  445  463  464
  3
  134  297  454
  6
  75  84  184  287  353  496
  10
  37  94  165  170  194  393  438  490  495  500
  10
  1  73  131  209  245  389  394  407  475  486
  8
  17  52  55  122  219  300  366  441
  9
  52  83  110  127  242  280  403  423  444
  8
  40  63  135  287  315  353  408  492
  5
  38  207  224  409  488
  8
  43  109  220  342  367  373  386  457
  10
  11  129  143  260  264  276  350  393  467  488
  5
  76  77  130  235  380
  4
  108  234  296  419
  9
  16  19  45  47  155  170  177  251  417
  9
  77  98  130  176  191  212  251  360  415
  6
  37  112  231  235  484  495
  9
  88  164  246  339  340  345  434  489  500
  9
  210  211  274  292  297  315  359  412  474
  10
  14  39  83  100  174  211  226  254  301  352
  5
  61  158  295  308  316
  10
  1  31  96  102  118  175  228  351  392  418
  3
  111  179  225
  9
  40  64  186  229  382  389  390  466  496
  9
  44  105  134  223  371  377  452  461  495
  8
  85  95  117  147  275  341  376  451
  7
  13  175  240  295  407  452  478
  2
  34  233
  2
  149  207
  8
  49  116  126  161  268  299  444  483
  9
  65  75  95  121  125  136  226  236  367
  6
  139  150  198  208  456  457
  3
  174  288  340
  5
  38  138  144  262  287
  3
  148  350  487
  7
  13  38  184  208  449  486  497
  10
  19  50  58  93  96  242  297  370  378  393
  3
  59  142  483
  5
  59  203  246  271  298
  3
  20  331  332
  3
  153  268  416
  7
  17  210  290  340  361  413  448
  7
  159  244  306  313  354  383  392
  7
  39  48  125  226  343  349  380
  6
  116  234  277  284  317  359
  10
  32  46  155  156  176  199  347  386  389  497
  3
  103  366  466
  3
  340  355  473
  6
  17  68  147  330  442  456
  8
  5  7  26  29  107  324  369  405
  2
  15  185
  5
  132  265  298  339  498
  9
  11  111  145  155  183  232  311  398  496
  2
  36  442
  10
  49  57  71  119  167  265  293  309  409  464
  6
  204  239  310  322  429  450
  9
  26  115  162  211  245  266  273  382  500
  2
  394  434
  2
  87  329
  2
  262  406
  2
  82  338
  4
  1  16  17  397
  2
  113  420
  4
  152  323  449  481
  7
  8  110  213  327  333  434  485
  6
  33  115  138  156  282  392
  3
  123  387  424
  9
  2  38  163  248  257  401  448  483  484
  9
  16  154  285  296  391  410  431  448  482
  4
  58  83  191  248
  4
  50  294  316  467
  9
  30  141  207  269  356  358  363  375  450
  8
  102  128  199  265  278  327  387  397
  8
  34  35  135  174  357  380  411  486
  6
  61  293  301  377  396  477
  5
  69  158  274  341  447
  7
  30  114  198  229  233  304  406
  3
  169  401  451
  10
  14  45  119  124  140  156  172  200  468  490
  3
  312  323  499
  2
  195  218
  8
  33  89  121  141  176  341  372  463
  4
  230  287  363  490
  8
  45  66  132  222  413  423  473  488
  2
  95  291
  3
  223  288  449
  6
  3  17  159  203  254  434
  6
  1  226  262  348  476  480
  3
  191  321  417
  7
  42  134  242  313  319  348  413
  3
  197  477  493
  10
  105  136  295  302  363  391  396  429  443  471
  6
  121  211  220  365  485  500
  4
  75  86  459  471
  2
  139  459
  9
  83  233  239  244  251  352  440  490  495
  8
  30  203  210  243  273  363  368  488
  2
  116  482
  6
  63  103  158  321  416  444
  3
  179  203  253
  5
  23  41  98  365  460
  8
  66  134  140  168  257  271  304  386
  7
  13  100  131  301  366  398  441
  10
  51  98  119  137  152  183  239  260  263  371
  10
  12  42  92  129  190  249  346  387  414  448
  7
  115  125  133  257  443  444  488
  2
  461  470
  5
  212  315  448  480  499
  2
  120  412
  8
  46  61  76  119  154  198  268  480
  4
  117  126  332  398
  8
  15  44  92  164  260  262  287  314
  4
  173  310  373  495
  10
  32  41  56  60  96  194  316  391  413  489
  8
  67  203  218  240  298  317  408  423
  9
  146  213  223  278  301  310  319  413  436
  9
  63  173  190  226  395  432  461  473  493
  8
  64  77  104  150  197  206  352  390
  6
  46  162  196  211  370  447
  5
  148  158  242  346  348
  10
  28  71  113  121  263  304  331  336  360  400
  4
  21  116  174  294
  4
  4  92  162  338
  5
  1  79  280  430  479
  10
  45  47  60  98  187  284  328  374  375  464
  9
  7  49  57  121  199  235  345  369  383
  6
  45  84  109  153  243  356
  3
  70  170  254
  2
  180  246
  3
  308  476  480
  9
  54  61  71  119  193  211  251  253  346
  7
  11  95  105  149  389  436  469
  4
  10  316  419  496
  7
  35  94  108  148  213  430  469
  4
  95  339  358  497
  5
  46  132  293  326  430
  7
  56  64  103  200  206  232  490
  9
  9  51  59  72  113  159  173  266  418
  9
  137  144  207  269  289  349  460  485  497
  10
  94  107  175  240  249  344  375  387  436  444
  6
  87  209  242  268  288  476
  5
  14  110  298  357  428
  6
  152  169  323  333  473  493
  9
  2  150  164  220  233  267  433  447  454
  4
  199  314  315  414
  9
  133  201  209  229  328  335  447  448  478
  7
  10  187  218  299  317  435  439
  8
  286  316  321  323  337  377  409  430
  4
  352  401  414  459
  3
  182  355  387
  2
  94  379
  4
  210  310  354  362
  10
  19  79  223  272  281  301  372  418  480  500
  10
  38  130  154  221  285  310  346  417  456  464
  6
  64  169  297  298  414  491
  10
  28  34  58  74  118  175  201  219  265  382
  7
  101  214  304  330  369  381  484
  7
  152  183  259  260  366  450  463
  6
  71  174  279  299  436  455
  3
  262  302  412
  3
  56  95  313
  4
  158  201  369  494
  10
  50  134  177  231  299  369  372  385  436  470
  7
  11  151  167  341  397  413  468
  6
  106  197  231  432  458  494
  2
  413  493
  8
  16  30  43  139  160  261  305  412
  6
  137  201  227  241  385  460
  2
  147  309
  6
  70  150  306  432  465  485
  10
  87  139  182  211  275  290  321  343  443  490
  3
  20  89  412
  5
  86  240  281  317  485
  5
  11  100  173  203  478
  4
  17  84  218  243
  6
  19  68  125  135  275  448
  4
  140  275  382  412
  5
  127  140  241  391  396
  5
  17  175  253  458  496
  5
  43  50  320  362  416
  9
  14  51  55  82  114  126  145  161  475
  10
  112  126  141  166  171  238  299  308  406  417
  5
  50  87  110  112  489
  2
  82  228
  5
  30  120  162  374  461
  5
  214  232  250  308  341
  6
  14  125  129  263  347  413
  9
  2  17  35  63  72  240  386  468  474
  7
  17  140  159  182  193  238  394
  8
  1  109  144  181  366  400  464  476
  2
  203  440
  6
  125  181  270  275  284  301
  8
  244  277  285  317  371  406  410  459
  5
  147  184  211  412  475
  10
  6  41  47  90  172  204  297  317  323  347
  10
  46  60  160  242  244  357  459  476  489  496
  8
  8  24  98  131  348  408  451  467
  7
  49  163  225  233  317  358  386
  9
  36  82  91  173  203  249  374  448  485
  5
  36  97  205  480  483
  7
  62  123  218  295  409  449  477
  9
  39  111  145  168  345  391  447  448  474
  5
  22  172  399  418  425
  3
  31  38  143
  4
  273  366  478  489
  6
  107  118  226  252  264  393
  9
  3  27  70  173  210  298  337  355  452
  4
  35  301  348  401
  7
  115  142  232  299  343  356  373
  7
  139  159  178  256  346  358  485
  7
  40  96  254  305  402  428  453
