  1500  500
  4  5  20  15  17  2  1  18  10  7  16  2  4  1  3  15  4  7  9  2  6  7  7  10  13  20  9  9  15  10  6  5  9  1  16  18  3  3  1  18  6  1  10  6  10  3  12  20  10  20  16  9  20  11  13  4  6  3  13  13  9  14  5  18  20  8  10  19  11  8  14  9  16  18  4  9  14  1  3  16  5  13  18  2  7  1  2  20  13  4  9  12  10  2  19  11  3  10  12  2  20  7  19  4  2  11  16  8  18  20  14  18  12  16  10  19  15  14  8  14  20  4  13  19  12  13  3  12  1  4  1  19  6  8  9  7  10  19  4  1  6  4  17  13  19  19  3  20  4  10  5  12  13  4  8  14  5  17  9  15  14  13  14  6  20  17  1  19  11  6  20  12  6  12  19  14  13  7  7  6  15  14  2  4  19  10  20  9  13  12  10  16  2  7  14  8  17  2  3  10  6  5  10  12  13  2  8  20  14  18  3  8  16  5  20  19  17  18  16  14  19  2  3  20  18  15  15  16  1  15  3  7  16  6  4  2  18  3  3  7  2  11  16  4  16  10  10  9  10  4  17  12  14  19  14  17  19  17  8  9  8  17  5  4  14  7  11  14  4  14  4  12  17  20  20  20  12  13  9  16  12  12  7  2  8  16  3  1  18  18  6  10  2  18  13  13  2  3  19  20  6  12  16  12  4  20  6  6  13  19  7  5  1  3  15  20  8  17  17  12  14  3  14  6  17  8  3  1  4  8  7  6  12  19  12  9  2  20  1  16  6  5  5  20  13  15  18  17  1  10  17  13  13  10  12  15  14  18  4  16  10  15  16  5  15  18  20  2  16  14  10  11  3  3  20  6  15  19  1  12  15  6  1  20  14  3  3  13  16  1  12  1  16  16  15  7  12  18  9  18  19  7  3  3  12  9  11  2  14  12  9  6  16  20  1  4  16  4  15  12  9  9  7  10  13  12  1  9  2  17  20  19  16  1  18  20  11  8  5  18  1  13  2  4  14  1  15  6  13  13  19  15  18  14  16  2  11  10  15  13  16  17  10  16  16  10  20  3  2  3  12  1  9  12  6  17  9  8  9  8  6  5  10  17  20  17  1  2  11  10  5  16  2  14  1  20  1  7  18  10
  5
  49  246  326  372  434
  4
  94  100  112  335
  4
  241  280  297  443
  5
  102  282  436  457  497
  4
  185  240  417  459
  4
  85  161  216  334
  2
  281  354
  4
  211  313  362  429
  2
  428  434
  4
  2  233  253  455
  5
  7  178  194  394  437
  3
  10  86  232
  3
  202  328  461
  2
  213  339
  3
  179  183  248
  2
  245  483
  3
  184  254  428
  2
  99  324
  2
  379  436
  4
  259  338  375  409
  5
  133  159  177  192  494
  5
  32  201  258  264  328
  5
  197  230  248  350  443
  5
  42  189  285  315  493
  4
  135  188  280  353
  4
  30  195  236  263
  2
  3  371
  5
  39  222  255  429  481
  2
  49  124
  5
  37  244  260  280  342
  3
  136  244  439
  5
  50  338  414  459  500
  4
  17  100  431  473
  2
  251  488
  3
  166  218  255
  2
  217  367
  5
  147  177  251  275  405
  2
  216  330
  4
  100  217  220  240
  4
  43  149  176  465
  4
  1  21  70  239
  4
  72  135  212  343
  5
  132  135  160  300  426
  4
  131  132  350  490
  5
  176  269  330  336  474
  2
  22  473
  3
  20  171  197
  5
  40  174  199  428  487
  3
  29  98  168
  4
  194  201  202  360
  2
  14  294
  4
  1  143  160  394
  5
  200  233  252  262  330
  3
  263  341  397
  3
  51  151  186
  3
  81  115  465
  2
  157  224
  2
  275  457
  4
  56  61  150  407
  2
  69  258
  2
  21  410
  4
  70  129  238  352
  4
  27  75  291  352
  4
  21  42  77  153
  2
  124  162
  3
  68  91  439
  5
  45  72  185  226  479
  3
  195  285  338
  4
  90  99  174  392
  3
  120  217  405
  4
  223  408  431  434
  3
  78  160  336
  4
  106  117  127  314
  5
  178  345  400  416  431
  5
  5  65  74  198  218
  3
  116  323  418
  2
  176  251
  2
  60  378
  4
  52  234  361  418
  3
  25  33  314
  2
  249  401
  5
  58  141  149  228  369
  3
  12  54  262
  4
  56  108  114  314
  2
  82  120
  2
  369  416
  4
  174  338  452  459
  2
  350  406
  2
  244  291
  5
  70  139  223  254  380
  4
  6  80  261  273
  3
  100  271  423
  2
  123  425
  3
  20  352  470
  5
  10  148  237  277  476
  3
  184  433  442
  2
  47  175
  3
  87  402  465
  3
  60  175  177
  5
  17  117  136  179  258
  2
  28  196
  4
  12  158  251  306
  5
  3  30  44  276  466
  4
  91  213  237  329
  5
  133  277  344  443  482
  4
  186  332  392  444
  4
  71  327  342  496
  2
  200  448
  5
  5  173  246  349  373
  3
  134  188  444
  4
  23  118  266  443
  3
  53  129  174
  5
  178  287  355  478  496
  3
  305  316  362
  5
  368  401  402  404  468
  2
  99  239
  2
  324  348
  4
  104  120  299  461
  2
  191  353
  3
  73  264  313
  4
  135  234  249  288
  2
  227  422
  4
  25  42  218  367
  5
  61  202  333  345  444
  3
  281  329  351
  2
  266  431
  5
  13  22  226  230  279
  3
  439  452  478
  3
  255  275  377
  2
  119  402
  2
  37  124
  4
  155  170  443  458
  3
  46  111  494
  3
  190  271  319
  3
  7  64  145
  3
  33  73  220
  4
  117  284  471  487
  4
  81  126  226  241
  2
  47  117
  3
  69  227  487
  4
  122  253  393  425
  3
  234  244  372
  2
  22  189
  3
  133  237  401
  4
  28  264  436  496
  5
  38  42  238  319  462
  5
  61  157  287  298  393
  2
  344  400
  5
  160  178  288  438  499
  5
  58  239  246  320  492
  3
  87  484  491
  4
  84  246  377  410
  3
  166  333  469
  3
  291  325  478
  2
  82  89
  4
  269  285  323  451
  5
  79  237  293  407  487
  3
  220  301  343
  2
  172  442
  5
  5  34  44  254  300
  3
  336  393  439
  2
  31  154
  3
  80  191  326
  4
  49  117  149  273
  2
  105  289
  5
  34  90  232  239  280
  4
  30  32  215  431
  4
  59  94  100  166
  3
  230  368  396
  3
  82  336  497
  5
  49  115  209  279  366
  2
  48  298
  5
  64  148  246  268  414
  2
  108  426
  3
  8  280  322
  5
  17  81  89  204  210
  3
  155  261  413
  3
  179  291  498
  4
  188  205  346  397
  5
  28  66  233  358  479
  5
  87  88  313  382  401
  2
  121  151
  3
  166  318  401
  5
  78  173  269  312  372
  4
  10  81  277  330
  2
  30  76
  4
  75  92  235  379
  2
  134  224
  5
  176  225  238  259  287
  2
  157  245
  5
  196  202  284  326  403
  2
  73  388
  4
  7  35  426  474
  4
  92  146  421  472
  2
  148  352
  4
  49  69  392  412
  4
  86  108  248  447
  5
  148  270  395  425  438
  3
  156  431  433
  5
  132  146  267  367  374
  2
  4  134
  5
  178  314  410  448  471
  2
  249  446
  2
  187  387
  3
  212  328  465
  2
  8  274
  2
  104  146
  5
  27  68  114  193  351
  2
  182  487
  3
  73  108  500
  3
  37  99  350
  3
  28  87  224
  2
  67  330
  3
  87  303  311
  2
  258  261
  3
  369  377  441
  4
  88  157  267  296
  5
  56  66  119  347  454
  2
  133  342
  5
  205  322  439  454  480
  3
  28  161  420
  5
  60  109  251  400  490
  5
  14  54  152  248  251
  3
  26  197  248
  2
  117  398
  2
  318  331
  5
  210  239  284  327  430
  3
  46  165  212
  4
  80  167  214  497
  2
  173  212
  4
  15  179  212  461
  3
  122  260  482
  2
  14  379
  3
  89  108  191
  5
  1  128  148  183  268
  3
  100  279  298
  2
  116  319
  3
  34  56  324
  3
  34  70  484
  5
  164  343  388  399  406
  3
  105  191  461
  5
  6  180  182  359  407
  2
  302  363
  2
  311  430
  3
  240  252  485
  3
  111  288  495
  3
  1  57  74
  3
  103  255  402
  3
  253  381  435
  3
  75  217  479
  3
  80  85  216
  4
  72  111  183  208
  2
  58  232
  5
  60  98  205  239  285
  3
  370  400  406
  4
  46  247  453  459
  5
  22  71  97  243  250
  4
  189  326  407  440
  5
  58  179  213  405  442
  3
  78  449  451
  4
  33  105  143  496
  3
  13  271  330
  5
  60  130  168  252  278
  3
  335  399  465
  3
  16  247  379
  5
  122  196  266  321  405
  3
  381  406  446
  5
  10  85  238  307  370
  2
  170  302
  5
  17  208  243  328  389
  4
  94  172  191  344
  4
  133  177  354  487
  3
  109  282  404
  4
  73  142  160  487
  2
  6  20
  3
  57  296  347
  3
  54  415  419
  5
  176  222  259  306  359
  5
  17  366  376  392  478
  2
  148  416
  4
  115  121  133  407
  2
  83  309
  2
  172  330
  5
  61  92  200  212  420
  3
  30  55  466
  3
  255  366  418
  3
  69  244  284
  4
  126  134  204  459
  4
  99  357  368  482
  3
  54  62  243
  4
  31  199  379  479
  5
  260  324  329  339  434
  2
  195  293
  4
  90  157  393  401
  2
  83  424
  2
  211  259
  5
  31  76  143  274  320
  2
  178  223
  2
  353  367
  5
  4  7  215  228  343
  4
  270  373  416  421
  3
  274  302  307
  3
  259  314  385
  2
  27  92
  2
  469  483
  4
  112  152  164  440
  2
  19  226
  2
  341  402
  2
  52  320
  3
  31  77  239
  3
  46  154  224
  3
  109  408  433
  4
  156  158  197  251
  3
  8  250  327
  4
  12  85  216  220
  3
  291  429  496
  3
  183  365  444
  4
  152  237  287  480
  3
  264  278  329
  4
  97  148  180  232
  5
  12  117  167  270  382
  3
  53  220  489
  2
  350  442
  5
  259  287  313  377  483
  5
  49  359  389  439  475
  5
  22  74  243  264  273
  2
  8  334
  5
  1  74  161  313  434
  5
  293  333  376  432  482
  2
  142  422
  2
  101  131
  2
  49  342
  2
  211  308
  3
  29  260  314
  4
  118  156  299  441
  4
  58  115  118  357
  4
  114  189  283  500
  4
  27  163  480  481
  4
  72  249  273  482
  5
  36  53  91  116  293
  3
  195  258  320
  4
  37  144  145  193
  3
  188  214  375
  2
  373  423
  4
  206  315  447  451
  5
  8  45  130  176  306
  3
  136  435  479
  3
  60  210  258
  5
  2  79  93  240  430
  2
  110  403
  5
  37  185  213  248  491
  5
  17  140  283  285  405
  5
  138  181  190  478  494
  2
  133  463
  2
  199  302
  4
  12  56  412  488
  3
  23  76  269
  5
  117  187  260  280  494
  2
  285  293
  3
  269  330  334
  5
  83  171  248  281  324
  4
  158  248  365  384
  5
  137  175  239  258  426
  4
  203  335  361  374
  2
  113  369
  2
  314  370
  2
  150  373
  2
  376  378
  5
  65  135  183  288  481
  2
  84  233
  4
  91  146  190  215
  3
  193  273  426
  3
  99  204  413
  4
  9  251  386  395
  5
  28  37  54  228  308
  3
  93  149  491
  4
  68  96  145  286
  2
  322  415
  5
  80  201  272  381  430
  2
  84  408
  4
  47  116  269  405
  4
  107  163  189  401
  3
  353  402  461
  3
  9  257  397
  4
  127  384  420  429
  5
  330  360  407  432  500
  5
  86  96  264  367  434
  3
  255  404  408
  2
  270  317
  5
  409  412  416  432  469
  5
  95  126  146  349  467
  3
  6  454  456
  2
  134  141
  2
  227  476
  4
  86  228  244  485
  3
  105  236  412
  3
  7  62  188
  3
  159  247  481
  4
  104  287  308  488
  2
  184  345
  3
  244  286  323
  2
  216  381
  5
  83  108  133  167  389
  4
  17  133  311  449
  5
  60  70  130  214  386
  5
  5  60  265  431  451
  2
  228  350
  4
  84  238  385  449
  5
  169  173  186  454  456
  5
  51  104  144  259  312
  2
  179  189
  2
  69  392
  3
  198  208  357
  4
  38  78  117  416
  4
  180  297  377  431
  4
  71  167  251  472
  2
  54  403
  5
  30  35  159  223  458
  4
  136  156  217  224
  3
  53  92  249
  4
  63  183  294  351
  4
  107  108  348  449
  5
  158  167  206  342  443
  5
  30  80  226  410  462
  3
  110  178  295
  3
  228  407  449
  2
  81  483
  3
  118  250  447
  4
  69  286  314  401
  5
  12  23  68  215  386
  2
  10  456
  2
  413  419
  2
  329  479
  4
  146  234  303  365
  5
  66  79  230  255  345
  3
  131  184  264
  4
  21  52  173  457
  5
  96  209  231  391  433
  2
  197  348
  5
  31  73  186  314  474
  2
  57  444
  4
  277  317  356  435
  5
  180  229  234  246  332
  3
  329  337  464
  2
  171  484
  5
  113  198  281  374  494
  2
  314  431
  2
  122  231
  2
  52  238
  3
  33  216  424
  5
  18  88  259  313  344
  2
  151  230
  3
  1  403  450
  3
  136  376  467
  2
  35  289
  2
  111  133
  3
  17  36  322
  5
  21  35  152  388  395
  3
  363  369  409
  5
  140  250  252  343  446
  4
  176  309  337  406
  2
  22  177
  2
  225  248
  2
  29  268
  2
  236  367
  4
  15  169  383  453
  4
  168  228  256  475
  2
  95  207
  5
  28  283  339  356  357
  2
  215  449
  5
  111  176  247  393  413
  2
  40  395
  2
  330  331
  5
  56  92  206  254  364
  2
  395  475
  4
  188  368  413  452
  3
  82  108  499
  2
  65  462
  5
  111  173  224  348  402
  5
  44  115  276  280  493
  4
  11  115  147  321
  3
  314  361  426
  4
  30  41  213  471
  2
  215  483
  4
  182  191  470  499
  5
  14  65  254  307  487
  5
  30  141  260  310  342
  5
  64  341  366  402  459
  2
  212  382
  4
  143  162  254  403
  3
  56  138  155
  4
  274  322  382  428
  3
  103  157  257
  2
  430  470
  2
  148  377
  4
  34  91  109  499
  4
  70  124  302  432
  2
  261  450
  2
  299  499
  2
  58  457
  2
  153  414
  5
  154  164  186  257  274
  3
  35  207  383
  3
  321  404  429
  3
  53  220  304
  3
  63  212  443
  4
  105  288  388  497
  4
  225  302  388  404
  3
  81  157  358
  3
  49  112  365
  4
  74  194  250  411
  3
  84  353  410
  5
  100  127  151  190  386
  2
  256  334
  5
  54  129  190  352  428
  5
  166  283  408  451  482
  4
  103  178  290  359
  4
  50  56  99  122
  3
  38  89  186
  4
  3  58  129  371
  3
  170  229  373
  2
  250  255
  3
  149  204  475
  4
  3  266  279  362
  3
  88  216  298
  2
  137  500
  3
  354  409  452
  2
  76  456
  3
  259  414  474
  5
  282  332  413  471  477
  2
  373  483
  5
  209  255  264  372  483
  3
  115  210  422
  5
  34  149  367  411  459
  2
  90  484
  5
  111  163  202  291  465
  2
  27  417
  4
  2  118  343  387
  5
  1  16  198  275  406
  4
  103  210  284  429
  3
  302  319  378
  4
  102  293  394  485
  4
  45  55  208  488
  2
  188  390
  5
  91  113  266  489  493
  3
  242  262  336
  2
  251  437
  4
  101  168  343  383
  4
  298  388  414  450
  2
  237  335
  2
  32  229
  5
  55  107  324  368  414
  5
  15  122  215  230  443
  5
  150  176  207  301  395
  3
  18  274  311
  4
  186  252  292  350
  4
  278  281  447  469
  4
  209  385  491  494
  5
  101  121  187  195  331
  3
  14  148  205
  5
  94  138  187  214  400
  2
  330  363
  5
  96  190  380  393  454
  2
  159  240
  5
  265  313  354  356  491
  4
  188  201  244  313
  3
  112  256  452
  3
  84  366  460
  4
  132  155  383  393
  5
  62  85  249  388  463
  5
  58  88  107  316  470
  3
  156  275  443
  3
  182  212  355
  5
  63  114  119  171  484
  3
  24  118  481
  2
  194  440
  5
  111  331  359  479  483
  5
  80  249  308  409  413
  3
  110  189  210
  2
  173  245
  3
  16  134  497
  3
  406  441  452
  3
  39  94  151
  4
  100  117  464  482
  2
  433  468
  2
  227  387
  2
  397  454
  2
  176  398
  4
  51  99  254  406
  2
  281  308
  3
  432  458  487
  3
  55  147  172
  5
  144  163  244  338  351
  2
  6  480
  3
  94  133  208
  2
  9  416
  4
  28  288  294  367
  4
  50  118  209  233
  4
  4  84  283  497
  5
  129  179  217  362  454
  3
  188  344  397
  2
  4  17
  2
  67  187
  3
  36  133  191
  5
  111  133  207  310  335
  3
  180  329  368
  2
  179  370
  4
  177  198  268  325
  2
  101  216
  5
  10  66  126  243  439
  4
  11  81  115  256
  2
  63  492
  2
  159  236
  4
  96  221  254  390
  3
  181  199  306
  2
  70  395
  5
  55  111  179  193  306
  5
  8  27  191  213  361
  4
  41  64  182  291
  3
  218  387  448
  4
  136  256  433  472
  4
  30  84  141  321
  4
  67  204  293  496
  2
  55  117
  4
  74  317  394  442
  3
  104  191  297
  5
  19  74  208  275  382
  4
  4  23  138  152
  3
  122  152  472
  3
  139  197  390
  2
  150  162
  3
  88  294  498
  4
  162  215  320  414
  4
  86  113  381  459
  5
  165  337  346  440  464
  5
  132  133  244  305  498
  2
  90  284
  2
  301  326
  4
  79  157  189  382
  5
  48  54  73  363  410
  4
  27  81  309  435
  2
  71  275
  4
  129  325  333  377
  4
  271  391  404  425
  4
  35  419  441  497
  5
  12  57  121  259  412
  3
  266  334  449
  4
  49  283  326  452
  2
  56  129
  2
  319  329
  3
  11  51  337
  2
  17  464
  2
  23  357
  4
  38  133  380  381
  5
  162  290  404  417  456
  2
  127  370
  3
  149  396  447
  4
  194  370  472  500
  3
  314  409  423
  3
  8  338  438
  5
  97  119  190  258  277
  2
  224  460
  4
  21  38  249  345
  2
  327  477
  5
  77  189  222  418  433
  2
  141  192
  2
  187  282
  4
  93  132  290  470
  5
  133  140  254  265  482
  5
  22  73  75  133  239
  4
  33  339  373  398
  4
  109  184  292  477
  3
  39  97  431
  2
  141  303
  2
  78  235
  3
  124  446  493
  3
  273  355  370
  5
  4  184  191  193  259
  3
  157  459  471
  5
  38  41  165  232  299
  3
  272  358  402
  3
  66  74  183
  5
  183  221  266  360  374
  2
  93  277
  2
  255  414
  3
  67  209  329
  4
  18  179  202  500
  2
  72  403
  2
  77  209
  4
  315  319  393  476
  3
  25  128  132
  3
  12  147  406
  4
  159  173  299  480
  3
  147  250  477
  5
  71  135  300  305  440
  5
  71  174  267  287  421
  2
  46  104
  4
  68  237  325  493
  2
  265  364
  5
  92  144  177  251  490
  3
  168  371  430
  3
  110  117  465
  2
  80  382
  3
  53  105  315
  5
  6  15  214  323  463
  5
  112  165  277  299  358
  2
  307  360
  3
  38  190  308
  5
  113  154  337  390  431
  5
  28  159  230  320  332
  5
  102  104  119  150  214
  3
  109  148  479
  4
  98  350  379  500
  5
  35  111  153  245  371
  4
  374  396  414  428
  4
  60  148  269  497
  3
  70  152  301
  5
  228  332  376  431  448
  2
  452  481
  5
  201  276  284  319  326
  2
  351  407
  4
  8  179  447  485
  5
  11  215  295  412  494
  3
  55  144  160
  4
  54  66  146  160
  5
  80  95  117  130  262
  2
  190  448
  2
  50  315
  5
  120  389  425  449  474
  5
  47  207  414  435  500
  2
  40  105
  2
  312  390
  5
  28  71  93  139  338
  2
  49  404
  4
  109  110  183  300
  2
  53  70
  3
  85  97  492
  3
  435  436  457
  2
  4  111
  5
  34  116  240  284  341
  3
  315  327  365
  2
  368  385
  2
  33  112
  5
  32  46  319  378  409
  3
  67  454  459
  3
  120  265  356
  3
  308  325  345
  4
  25  127  279  491
  2
  235  462
  5
  57  87  329  460  473
  5
  12  181  277  320  437
  3
  162  225  395
  3
  206  310  360
  4
  31  263  334  403
  2
  26  132
  3
  109  341  488
  4
  111  368  434  496
  5
  254  369  420  445  481
  4
  149  187  342  451
  2
  99  270
  4
  75  189  347  495
  4
  124  126  258  467
  4
  53  184  375  400
  5
  16  121  184  265  383
  3
  196  225  431
  2
  104  462
  3
  163  289  497
  2
  268  428
  4
  211  307  378  424
  2
  160  277
  5
  38  163  237  388  456
  3
  26  138  464
  2
  171  220
  5
  21  253  308  330  447
  2
  308  401
  3
  161  318  345
  3
  174  201  424
  2
  167  243
  4
  56  133  232  376
  2
  83  435
  2
  281  329
  5
  47  214  306  358  500
  5
  147  193  194  207  409
  2
  101  219
  4
  154  167  335  491
  3
  135  162  473
  4
  21  74  357  452
  2
  48  106
  4
  184  242  331  421
  4
  198  255  330  494
  5
  79  146  330  344  384
  4
  44  279  313  491
  5
  122  141  177  256  277
  5
  39  192  387  403  459
  3
  96  303  415
  4
  41  95  109  169
  4
  199  265  478  486
  3
  51  288  422
  5
  91  94  125  453  490
  3
  122  159  166
  4
  56  111  126  474
  3
  259  363  371
  2
  69  332
  4
  235  331  436  457
  3
  26  111  467
  2
  235  487
  4
  111  217  378  386
  4
  175  287  330  450
  2
  108  336
  4
  242  291  307  314
  5
  13  151  183  436  483
  4
  237  455  483  490
  2
  232  289
  4
  336  408  440  453
  4
  206  275  295  481
  4
  23  270  306  493
  3
  369  495  499
  3
  36  118  177
  3
  6  171  263
  2
  54  401
  2
  86  118
  2
  241  402
  2
  260  400
  5
  144  218  390  411  470
  5
  177  232  284  353  379
  4
  59  205  236  415
  4
  74  170  223  476
  4
  279  288  300  499
  4
  85  209  378  434
  2
  211  301
  3
  45  196  416
  2
  293  489
  3
  14  106  215
  3
  26  400  419
  2
  434  448
  2
  249  475
  5
  117  185  217  244  281
  4
  3  208  288  355
  3
  336  383  481
  3
  45  101  406
  4
  107  187  329  444
  5
  171  197  223  359  476
  5
  12  165  171  299  492
  3
  162  209  253
  3
  78  232  462
  4
  21  151  282  304
  4
  25  201  213  466
  3
  65  217  230
  5
  76  161  209  287  483
  5
  1  104  414  435  500
  3
  79  307  456
  4
  340  392  446  481
  5
  102  206  220  237  471
  3
  176  189  291
  4
  44  63  67  183
  3
  103  247  326
  4
  163  174  244  449
  2
  348  482
  4
  85  153  339  352
  2
  36  100
  4
  156  171  323  423
  5
  52  181  344  384  471
  2
  363  443
  4
  137  223  242  319
  2
  108  222
  3
  42  84  266
  5
  11  16  172  176  418
  2
  81  412
  3
  291  299  447
  4
  5  73  159  236
  3
  71  139  162
  3
  58  64  244
  2
  346  416
  5
  140  206  298  394  409
  2
  74  366
  2
  187  240
  3
  133  311  332
  3
  18  357  460
  2
  293  388
  3
  185  270  381
  3
  31  106  330
  4
  103  199  262  322
  3
  30  341  384
  3
  9  75  415
  2
  165  429
  2
  179  336
  4
  56  241  336  384
  2
  284  350
  2
  97  210
  2
  104  332
  2
  280  423
  4
  29  169  193  209
  4
  4  193  245  457
  2
  129  292
  3
  183  216  424
  4
  153  318  427  432
  4
  11  350  357  414
  3
  8  70  348
  2
  219  384
  2
  285  391
  5
  226  266  401  438  445
  2
  468  480
  2
  191  431
  3
  60  259  488
  2
  327  452
  5
  80  129  150  362  428
  5
  194  280  384  412  463
  3
  118  164  444
  3
  210  321  466
  4
  24  143  278  337
  3
  216  308  452
  5
  35  300  304  336  414
  3
  235  303  426
  5
  28  82  152  195  496
  3
  155  395  477
  2
  72  400
  3
  255  283  295
  4
  40  124  287  308
  2
  279  371
  3
  269  428  475
  4
  29  105  156  179
  4
  24  378  394  487
  2
  290  439
  5
  119  176  232  379  499
  2
  73  488
  4
  35  169  251  289
  5
  157  170  348  433  446
  2
  355  445
  4
  102  233  358  498
  3
  35  395  444
  3
  131  157  421
  2
  63  174
  5
  243  381  402  430  449
  5
  239  256  385  386  478
  5
  22  37  175  197  296
  3
  215  392  445
  2
  224  474
  4
  98  132  209  346
  3
  29  225  419
  3
  166  192  420
  5
  77  273  391  447  497
  4
  129  216  308  349
  3
  137  272  382
  4
  43  106  152  409
  2
  167  469
  2
  100  251
  3
  153  388  436
  5
  61  205  328  367  487
  4
  206  268  424  464
  5
  82  230  348  426  458
  2
  204  456
  2
  48  440
  2
  221  268
  5
  5  8  183  312  446
  3
  147  223  364
  4
  61  80  388  411
  3
  294  317  320
  2
  179  262
  2
  10  356
  5
  179  363  429  471  489
  4
  108  122  207  344
  2
  397  481
  4
  65  159  328  435
  5
  121  166  205  227  318
  2
  193  367
  5
  4  133  257  279  357
  5
  10  176  339  395  434
  3
  22  306  469
  5
  92  161  270  327  498
  3
  98  195  497
  5
  58  76  109  291  331
  3
  139  198  319
  3
  177  203  218
  5
  10  28  77  410  458
  5
  21  95  211  276  350
  5
  167  182  245  333  345
  2
  20  179
  3
  18  71  80
  5
  243  391  432  457  483
  5
  56  178  185  294  489
  4
  113  325  374  472
  2
  160  278
  5
  6  140  375  449  487
  5
  25  337  351  398  445
  5
  15  70  91  294  325
  3
  38  155  258
  3
  294  332  469
  4
  69  191  332  375
  5
  55  94  135  264  414
  4
  42  239  429  488
  4
  88  211  377  382
  2
  27  460
  4
  59  74  184  353
  2
  14  16
  4
  4  10  188  345
  2
  20  57
  3
  128  181  222
  2
  107  159
  3
  38  175  262
  4
  160  359  424  450
  3
  64  421  466
  4
  20  300  358  409
  3
  26  209  349
  4
  96  132  187  265
  2
  20  240
  5
  15  129  369  418  463
  2
  385  486
  2
  447  467
  4
  30  55  218  472
  3
  220  335  490
  5
  5  161  181  197  277
  3
  335  427  438
  4
  50  268  447  494
  2
  329  429
  5
  41  114  135  362  468
  3
  49  345  381
  5
  26  50  61  419  454
  2
  210  329
  4
  21  61  200  227
  3
  206  360  447
  2
  99  215
  3
  38  213  319
  4
  56  75  431  490
  3
  126  266  270
  4
  134  163  237  330
  3
  13  18  418
  2
  135  142
  5
  31  125  171  206  395
  3
  341  366  449
  2
  236  496
  4
  101  113  286  415
  5
  147  151  217  320  386
  3
  83  299  468
  2
  369  423
  5
  47  67  110  203  416
  2
  95  301
  4
  15  34  59  325
  4
  66  244  280  444
  4
  198  425  475  476
  3
  199  218  229
  3
  45  60  128
  3
  44  123  455
  4
  106  146  293  490
  5
  182  249  299  378  390
  5
  153  199  370  390  420
  2
  42  372
  5
  12  176  242  324  434
  3
  257  391  474
  3
  125  305  408
  4
  28  32  195  413
  2
  11  284
  3
  94  345  404
  5
  55  183  189  343  436
  3
  259  308  320
  3
  172  434  478
  3
  297  303  488
  3
  245  405  425
  4
  174  272  292  293
  2
  237  263
  3
  156  241  350
  3
  325  403  414
  3
  101  246  347
  2
  172  218
  4
  182  269  357  417
  4
  157  346  431  481
  2
  306  420
  4
  99  119  436  439
  3
  190  392  467
  4
  59  127  204  500
  5
  86  250  333  469  500
  2
  220  496
  5
  43  159  227  491  492
  4
  30  53  281  363
  3
  40  254  302
  3
  68  226  405
  5
  56  64  216  380  476
  3
  41  355  495
  4
  197  426  435  482
  4
  279  285  389  496
  4
  110  153  307  370
  3
  44  322  420
  5
  22  41  183  221  273
  2
  66  149
  3
  157  247  492
  4
  272  300  439  485
  3
  36  409  493
  2
  189  241
  3
  98  289  437
  4
  143  183  243  373
  3
  110  230  472
  3
  209  294  469
  4
  188  223  339  351
  3
  360  415  474
  4
  131  250  358  365
  3
  27  131  198
  4
  22  182  193  467
  4
  3  72  117  182
  2
  17  412
  4
  53  90  233  442
  5
  113  202  214  369  488
  5
  87  92  305  314  419
  3
  236  325  412
  4
  40  307  393  436
  5
  10  96  120  403  408
  4
  31  332  479  495
  5
  8  19  41  64  203
  4
  171  173  286  310
  4
  137  235  403  424
  2
  174  320
  3
  31  351  474
  4
  28  35  289  401
  3
  55  111  458
  5
  135  211  264  278  340
  2
  226  344
  3
  29  41  207
  5
  104  113  248  348  478
  2
  31  421
  5
  27  120  215  254  348
  2
  50  442
  2
  83  161
  2
  35  195
  4
  216  241  305  325
  5
  19  106  211  216  294
  3
  172  206  440
  4
  3  39  96  152
  2
  30  361
  2
  422  465
  4
  26  103  172  471
  3
  62  185  423
  4
  34  112  285  388
  5
  29  113  151  238  414
  5
  27  98  200  247  377
  2
  65  83
  4
  29  138  268  444
  4
  203  308  477  481
  5
  40  246  315  322  419
  2
  103  253
  5
  2  170  249  484  498
  3
  8  65  85
  5
  243  377  378  442  456
  4
  18  162  255  463
  2
  142  161
  4
  43  74  157  331
  5
  75  97  199  274  328
  5
  28  123  186  378  491
  4
  1  28  242  342
  5
  59  146  239  309  376
  5
  29  205  235  304  419
  5
  28  174  184  268  318
  5
  40  283  299  396  495
  4
  262  272  313  409
  4
  135  433  489  496
  4
  128  265  417  447
  5
  282  336  340  393  476
  2
  302  407
  3
  158  181  263
  5
  43  223  297  414  437
  5
  163  192  331  448  463
  4
  12  228  291  403
  3
  24  378  448
  5
  57  231  324  437  457
  2
  390  425
  2
  104  434
  5
  23  104  120  140  455
  2
  384  489
  2
  76  395
  4
  21  172  191  453
  2
  59  468
  2
  34  387
  5
  10  105  142  214  406
  5
  18  136  210  295  496
  4
  206  279  420  474
  2
  68  474
  3
  162  340  348
  3
  136  210  323
  3
  132  163  413
  4
  82  94  241  481
  5
  206  298  299  319  341
  3
  102  177  351
  5
  47  137  174  368  476
  3
  72  340  345
  5
  41  89  107  309  426
  5
  36  250  349  418  449
  4
  9  16  58  71
  5
  16  105  147  227  290
  4
  213  247  271  315
  5
  103  202  415  437  447
  5
  69  252  363  399  491
  3
  58  117  306
  2
  124  131
  2
  307  330
  5
  20  42  313  354  408
  5
  68  129  249  352  497
  3
  176  287  336
  5
  70  178  262  278  471
  3
  8  136  176
  2
  55  146
  4
  79  92  244  347
  4
  103  214  425  426
  5
  22  232  315  350  433
  4
  97  174  328  463
  2
  139  460
  2
  20  207
  5
  47  126  241  429  431
  4
  204  235  360  385
  3
  73  164  345
  2
  277  322
  2
  38  85
  4
  83  85  116  488
  5
  23  84  323  466  493
  4
  72  102  185  405
  3
  16  127  209
  3
  258  271  311
  2
  206  239
  2
  85  117
  5
  10  14  80  158  494
  2
  80  129
  4
  120  395  448  495
  4
  77  196  237  322
  4
  91  216  266  277
  5
  120  126  233  376  425
  3
  16  254  454
  4
  1  67  86  497
  5
  3  178  396  413  441
  2
  31  229
  3
  35  117  281
  3
  8  102  115
  4
  173  225  381  399
  3
  15  292  347
  5
  43  73  80  155  395
  5
  30  85  358  378  469
  2
  84  288
  3
  171  192  340
  5
  35  80  118  413  453
  5
  131  301  394  401  465
  4
  93  173  248  392
  4
  245  263  274  470
  4
  221  333  357  479
  3
  204  280  315
  2
  82  240
  5
  32  107  121  473  481
  5
  103  232  261  397  399
  3
  63  65  111
  4
  114  137  189  364
  4
  181  214  332  390
  3
  248  298  475
  2
  191  309
  2
  241  307
  3
  4  332  493
  5
  1  34  70  87  301
  4
  64  216  331  432
  3
  98  181  278
  4
  12  201  322  361
  3
  131  189  292
  3
  294  419  420
  5
  31  222  252  395  397
  3
  40  192  345
  4
  56  69  289  406
  4
  9  70  293  467
  3
  52  259  305
  3
  302  306  310
  4
  194  266  329  339
  5
  1  91  171  402  497
  2
  81  437
  4
  15  58  269  486
  2
  194  480
  2
  80  463
  2
  217  447
  2
  14  148
  4
  10  52  155  317
  4
  30  309  445  463
  4
  95  319  399  466
  3
  155  217  292
  4
  276  289  333  419
  5
  77  270  332  446  471
  5
  103  288  413  465  466
  3
  70  76  364
  2
  183  434
  4
  207  408  439  455
  4
  64  75  220  393
  3
  88  184  234
  3
  105  440  446
  2
  97  183
  3
  6  285  333
  5
  14  229  318  412  485
  4
  43  78  208  233
  3
  293  391  441
  3
  14  344  431
  5
  21  70  179  182  203
  2
  133  444
  2
  138  192
  4
  144  255  288  392
  2
  10  28
  3
  239  320  358
  2
  150  296
  2
  147  496
  4
  226  269  288  368
  3
  84  201  275
  3
  266  325  422
  3
  186  197  405
  3
  35  211  384
  3
  3  194  237
  4
  67  120  382  398
  2
  50  363
  2
  281  358
  4
  95  191  290  500
  3
  113  258  348
  4
  152  186  197  308
  4
  51  86  255  415
  5
  33  221  223  399  459
  5
  65  248  256  272  465
  4
  31  218  400  469
  4
  141  292  407  463
  2
  171  472
  2
  243  289
  3
  101  483  496
  3
  72  105  294
  2
  317  339
  5
  30  76  236  387  416
  4
  40  42  248  338
  4
  122  127  128  301
  2
  379  488
  2
  155  460
  4
  170  259  321  424
  2
  103  336
  5
  156  191  309  330  420
  2
  88  234
  4
  179  234  398  462
  4
  13  19  57  191
  2
  59  96
  5
  158  407  461  467  474
  3
  153  296  371
  3
  48  165  360
  4
  46  146  250  269
  2
  122  130
  3
  215  339  420
  4
  239  357  426  489
  5
  29  78  90  303  415
  5
  57  319  337  436  458
  5
  146  165  331  419  489
  4
  193  375  395  435
  4
  47  174  319  380
  4
  263  304  437  449
  3
  232  385  429
  4
  48  49  158  338
  2
  38  420
  3
  60  75  297
  2
  120  423
  3
  161  489  500
  5
  103  138  372  455  495
  2
  273  338
  2
  18  34
  5
  42  414  419  429  449
  4
  67  129  272  485
  4
  140  158  190  294
  3
  24  316  479
  4
  154  271  273  484
  4
  15  100  259  494
  4
  24  206  405  436
  2
  146  163
  2
  199  489
  5
  2  23  377  436  492
  4
  16  23  84  230
  5
  133  168  277  418  437
  5
  3  8  17  79  184
  2
  91  107
  3
  50  323  390
  2
  101  160
  4
  54  83  108  208
  5
  26  223  230  403  465
  4
  317  388  412  473
  3
  16  347  381
  3
  19  197  455
  5
  194  238  255  275  361
  4
  134  183  390  461
  4
  9  143  311  431
  4
  56  208  214  217
  4
  9  169  230  391
  4
  29  163  192  277
  5
  4  31  177  358  378
  3
  10  42  386
  3
  85  198  430
  5
  291  309  336  399  471
  2
  70  275
  5
  62  63  184  305  457
  2
  98  499
  2
  52  239
  3
  40  122  370
  2
  127  320
  3
  57  356  405
  4
  181  346  398  412
  2
  11  30
  2
  126  225
  4
  55  75  341  389
  2
  97  286
  3
  218  430  496
  3
  85  169  230
  3
  16  260  385
  2
  181  203
  5
  33  137  197  280  458
  2
  370  489
  4
  77  87  186  428
  5
  313  315  377  449  500
  4
  143  334  348  443
  2
  88  124
  5
  62  105  184  208  257
  4
  282  326  431  467
  5
  123  262  361  466  480
  2
  193  449
  2
  330  487
  2
  181  338
  5
  4  24  26  75  150
  5
  28  56  105  224  423
  2
  283  330
  5
  103  133  217  245  356
  2
  61  409
  4
  85  127  172  275
  4
  3  29  448  492
  3
  86  434  498
  2
  91  104
  4
  21  265  461  494
  3
  19  368  382
  5
  40  179  209  334  387
  5
  81  223  257  315  375
  4
  150  195  429  472
  2
  485  495
  2
  340  370
  3
  18  82  382
  4
  4  72  381  411
  3
  9  345  495
  2
  141  396
  3
  214  302  490
  5
  37  82  90  100  308
  4
  27  176  251  412
  3
  182  307  410
  4
  152  305  401  459
  5
  4  186  331  450  496
  2
  104  143
  3
  125  305  436
  4
  217  271  442  467
  4
  201  360  390  500
  5
  43  177  268  350  468
  2
  75  147
  3
  46  137  233
  4
  100  182  223  370
  3
  363  402  440
  5
  13  53  142  159  165
  2
  90  444
  4
  33  292  360  482
  3
  156  234  269
  5
  72  89  192  387  407
  2
  282  300
  5
  11  124  355  470  473
  2
  254  485
  5
  20  107  326  353  432
  5
  133  245  363  461  492
  2
  100  372
  4
  303  359  402  407
  5
  23  302  326  353  403
  2
  188  464
  5
  64  84  303  360  373
  5
  121  172  184  326  327
  2
  196  358
  3
  183  258  491
  4
  69  224  234  259
  3
  28  215  338
  4
  70  214  252  466
  5
  8  66  283  322  358
  2
  14  188
  4
  178  274  292  430
  3
  142  147  175
  3
  6  49  385
  4
  63  85  122  203
  5
  35  153  251  361  468
  5
  322  342  344  352  427
  4
  96  137  283  413
  4
  64  214  370  434
  5
  154  274  340  384  421
  5
  108  156  224  359  460
  5
  24  129  135  242  499
  5
  112  129  157  241  402
  4
  314  446  461  477
  5
  4  106  131  168  280
  3
  91  250  468
  5
  151  164  335  395  402
  4
  111  333  401  405
  5
  10  155  171  294  345
  3
  108  227  447
  5
  69  170  430  494  500
  5
  44  62  127  319  362
  4
  92  108  251  365
  4
  93  208  241  323
  3
  218  368  471
  4
  112  305  399  420
  3
  101  236  298
  3
  138  381  488
  2
  215  265
  3
  35  216  400
  3
  240  415  428
  5
  15  70  99  154  173
