20358 15884
20310 16034
20309 16036
20304 16089
20294 16288
20263 16366
20237 16597
20218 16842
20180 16888
20176 16903
20157 16959
20156 17101
20137 17161
20134 17193
20126 17226
20091 17292
20088 17461
20064 17462
20051 17479
20050 17517
20045 17580
20028 17650
20008 17689
20000 17759
19985 17851
19952 17917
19948 17957
19911 18017
19893 18112
19878 18137
19843 18245
19809 18277
19783 18289
19777 18357
19776 18368
19771 18474
19748 18512
19694 18539
19689 18543
19688 18553
19676 18571
19670 18614
19637 18680
19626 18683
19622 18719
19619 18772
19583 18794
19564 18815
19563 18899
19536 18947
19493 19006
19458 19064
19411 19087
19396 19104
19376 19110
19362 19165
19347 19198
19342 19202
19329 19219
19319 19240
19304 19288
19296 19302
19283 19323
19227 19350
19219 19363
19216 19415
19205 19435
19085 19436
19073 19441
19035 19502
19011 19540
19005 19549
18952 19557
18945 19561
18943 19624
18919 19676
18916 19696
18805 19722
18778 19733
18755 19738
18726 19776
18711 19798
18673 19839
18621 19841
18620 19845
18591 19867
18534 19882
18496 19897
18490 19899
18465 19902
18455 19906
18436 19907
18432 19926
18399 19984
18338 19989
18288 20025
18246 20030
18195 20039
18189 20058
18159 20084
18149 20102
18065 20112
18045 20126
18009 20137
17986 20168
17864 20224
17759 20266
17728 20273
17709 20283
17637 20294
17538 20311
17522 20312
17515 20316
17500 20338
17487 20381
17303 20393
17276 20421
17045 20427
16961 20433
16928 20469
16875 20474
16818 20489
16817 20497
16705 20526
16604 20530
16590 20555
16503 20568
16355 20576
16338 20596
16219 20610
16028 20652
20234 16425
20204 16763
20196 16804
20186 16826
20146 17061
20083 17392
20046 17499
20041 17579
20015 17600
20010 17627
19980 17808
19965 17812
19957 17821
19953 17844
19939 17942
19926 17945
19901 18000
19862 18113
19835 18180
19830 18193
19826 18225
19751 18389
19722 18483
19714 18499
19661 18577
19656 18609
19597 18753
19560 18822
19546 18852
19500 18913
19484 19001
19429 19010
19427 19036
19379 19092
19353 19111
19240 19307
19122 19418
19030 19450
19029 19469
19026 19481
19019 19492
18969 19545
18938 19563
18927 19566
18919 19631
18916 19683
18836 19691
18808 19695
18791 19701
18722 19766
18686 19781
18650 19802
18648 19803
18645 19819
18627 19830
18575 19860
18515 19870
18381 19966
18312 19987
18285 20011
18250 20025
18172 20056
18111 20090
18061 20107
18031 20115
18021 20123
17969 20152
17925 20153
17885 20164
17852 20186
17848 20193
17776 20195
17768 20222
17734 20241
17688 20275
17594 20291
17408 20342
17378 20349
17348 20356
17232 20400
17172 20416
17069 20417
16962 20423
16920 20469
16875 20470
16853 20474
16710 20491
16701 20521
16493 20558
16320 20588
16164 20597
16102 20607
20245 16192
20219 16404
20207 16548
20197 16758
20159 16862
20152 16918
20135 17066
20101 17175
20080 17350
20060 17393
20013 17590
19985 17724
19971 17787
19942 17888
19911 17946
19901 17980
19875 18107
19792 18231
19782 18272
19772 18343
19768 18365
19739 18459
19625 18627
19623 18668
19610 18701
19593 18743
19521 18888
19516 18899
19475 18998
19412 19028
19410 19057
19380 19078
19339 19190
19320 19202
19284 19277
19241 19297
19218 19338
19217 19345
19207 19361
19178 19368
19166 19383
19149 19394
19145 19406
19055 19436
18997 19519
18968 19542
18885 19678
18835 19689
18779 19700
18770 19714
18720 19740
18715 19745
18580 19845
18523 19866
18373 19941
18354 19952
18339 19958
18169 20046
18145 20082
17955 20140
17797 20192
17730 20231
17561 20289
17466 20336
17325 20354
17291 20364
17285 20365
16996 20418
16931 20427
16909 20460
16740 20486
16407 20556
16342 20566
20069 17299
18980 19509
17438 20318
16286 20576
