20359 15848
20358 15884
20347 15957
20344 15961
20343 16022
20336 16120
20316 16213
20281 16236
19278 19338
19267 19360
19230 19378
19225 19398
19218 19417
19205 19435
19141 19446
19137 19459
19097 19502
19064 19514
19013 19522
18988 19525
18955 19573
18914 19592
16390 20566
16351 20575
16272 20591
16201 20613
16186 20633
16090 20644
16028 20652
20337 15978
20333 16037
20323 16040
20320 16064
20312 16142
20295 16186
19222 19396
19215 19415
19170 19418
19135 19448
19130 19451
19127 19459
19063 19505
19058 19506
19048 19514
18920 19533
16266 20584
16199 20605
16193 20607
16169 20620
16150 20629
16050 20638
20354 15826
20326 16036
20295 16160
19262 19317
19220 19393
19206 19409
18958 19521
18889 19556
18828 19571
16142 20621
16138 20626
16030 20636
16014 20639
20339 15922
20331 15993
20328 16004
20324 16028
20316 16061
20311 16085
20304 16114
19257 19296
19238 19315
19196 19410
19171 19414
19140 19418
16238 20574
16107 20625
16057 20627
16036 20632
20346 15767
20330 15990
19232 19299
19198 19406
19085 19451
18975 19509
16178 20597
16144 20609
16080 20626
16049 20629
20334 15929
19219 19352
19215 19379
19209 19390
19163 19414
19100 19445
19048 19480
16172 20597
16147 20607
16140 20613
16133 20619
20341 15781
20340 15821
20328 15989
20316 16037
20310 16061
20297 16063
20295 16098
20292 16112
19183 19405
19031 19476
18997 19502
18944 19510
16192 20575
16060 20625
20335 15858
20320 16006
19228 19202
19097 19438
19028 19467
15889 20630
20328 15977
20284 16095
19207 19367
18984 19484
16158 20591
16088 20617
16052 20625
19197 19389
19183 19396
19076 19438
20336 15815
20330 15920
20313 16012
19140 19407
19085 19419
19043 19449
18996 19466
16182 20564
20337 15689
20336 15813
20332 15843
20314 16006
19067 19427
18982 19475
16179 20547
20336 15784
20329 15868
20318 15981
19201 19358
16166 20568
16113 20604
16097 20606
15949 20626
19204 19349
19197 19365
19163 19394
18971 19472
16112 20599
16077 20609
20334 15813
20327 15906
18961 19469
16129 20595
16098 20601
20329 15846
20326 15919
20318 15963
20277 16051
19206 19307
19152 19393
19086 19412
16044 20614
15989 20624
20335 15758
20276 16048
20256 16051
19064 19418
16034 20615
15966 20624
19005 19439
20318 15938
18910 19474
16118 20576
16116 20577
16090 20598
20325 15861
20311 15983
19175 19355
19087 19406
20328 15840
20324 15863
16029 20612
20331 15736
20314 15951
19198 19265
19197 19305
16137 20553
16096 20585
16046 20606
15896 20616
19174 19327
19172 19338
18945 19451
20251 16017
16122 20554
15894 20615
20303 15974
19195 19299
19176 19307
19175 19315
19134 19369
19109 19389
20299 15965
16040 20603
20327 15805
19176 19305
16098 20570
20321 15827
16087 20577
16031 20604
16000 20607
20309 15937
19148 19328
16106 20563
20287 15976
19182 19208
19155 19316
20312 15887
20302 15938
19104 19361
19093 19373
16051 20585
16092 20566
20324 15793
19037 19404
16002 20602
20307 15901
19125 19348
19032 19398
16007 20598
16000 20601
20307 15874
16052 20571
16038 20581
16022 20597
15887 20605
20305 15874
19160 19276
16084 20563
15934 20602
20287 15936
16058 20566
16014 20597
19143 19279
20320 15734
20297 15884
19084 19350
20299 15867
20288 15890
20287 15912
16000 20597
20317 15678
20292 15881
19119 19304
15984 20594
15959 20595
15939 20597
20300 15842
15980 20588
15934 20596
20300 15840
20309 15782
20295 15851
20279 15880
20254 15887
16043 20530
15938 20591
20300 15819
20300 15816
15986 20576
15908 20590
20300 15810
16023 20545
15967 20572
15896 20584
15979 20568
16006 20536
20293 15793
15919 20569
15980 20539
15968 20544
20271 15813
20277 15784
15892 20554
15832 20553
20250 15772
20268 15683
15889 20531
15889 20526
