20359 15848
20358 15884
20355 15899
20350 15990
20345 16015
20343 16022
20336 16120
20330 16180
20323 16242
20307 16315
20306 16363
20305 16391
20295 16423
20291 16441
20286 16467
20268 16471
20261 16707
20257 16751
20249 16863
20208 16929
20196 17037
20162 17233
20140 17320
20134 17358
20110 17392
20108 17400
20102 17508
20098 17523
20088 17528
20068 17544
20060 17553
20046 17655
20024 17743
20014 17766
19988 17827
19970 17840
19967 17899
19933 17911
19930 17985
19921 18029
19900 18154
19894 18202
19855 18240
19817 18330
19812 18482
19773 18498
19762 18519
19731 18527
19712 18538
19708 18564
19697 18708
19654 18711
19646 18716
19643 18736
19623 18811
19608 18818
19585 18889
19574 18928
19527 18937
19514 18995
19497 19014
19485 19042
19475 19083
19457 19118
19453 19137
19406 19192
19372 19196
19364 19212
19363 19261
19344 19270
19341 19278
19330 19291
19300 19337
19278 19338
19272 19353
19267 19360
19255 19374
19233 19379
19230 19383
19227 19385
19226 19391
19225 19398
19219 19399
19218 19417
19212 19421
19210 19434
19205 19435
19177 19466
19160 19467
19159 19479
19147 19493
19125 19495
19116 19522
19115 19524
19085 19526
19078 19543
19066 19546
19063 19555
19059 19561
19055 19568
19050 19576
19037 19591
19010 19595
19000 19605
18980 19606
18978 19615
18969 19624
18966 19626
18965 19646
18935 19669
18903 19688
18863 19702
18857 19721
18803 19726
18778 19731
18776 19744
18773 19777
18757 19779
18734 19782
18709 19791
18707 19810
18678 19816
18665 19847
18653 19850
18635 19852
18630 19859
18608 19882
18588 19915
18480 19944
18449 19954
18430 19971
18417 19992
18367 19997
18366 20047
18303 20075
18210 20079
18183 20099
18146 20144
18071 20161
18054 20165
18047 20211
17956 20221
17847 20238
17832 20262
17759 20269
17710 20297
17655 20304
17622 20327
17589 20355
17477 20365
17442 20385
17298 20389
17243 20413
17189 20429
17181 20450
17159 20465
16987 20480
16923 20504
16865 20522
16684 20538
16622 20575
16401 20578
16289 20581
16287 20601
16218 20610
16201 20613
16200 20624
16186 20633
16090 20644
16028 20652
20347 15957
20336 16086
20334 16119
20330 16133
20316 16213
20274 16462
20259 16668
20236 16827
20213 16853
20193 16946
20188 16990
20169 17005
20160 17038
20156 17180
20137 17316
20113 17354
20102 17431
20028 17606
20020 17659
20014 17754
19980 17783
19969 17828
19955 17884
19937 17896
19927 17920
19905 18007
19902 18029
19879 18168
19858 18177
19826 18222
19813 18265
19804 18355
19799 18380
19790 18468
19742 18501
19736 18506
19707 18556
19701 18563
19690 18621
19678 18694
19635 18728
19617 18747
19566 18892
19548 18909
19529 18919
19504 18988
19484 19020
19478 19040
19468 19053
19459 19082
19456 19087
19424 19122
19408 19135
19405 19174
19376 19189
19357 19247
19318 19281
19304 19289
19299 19329
19290 19337
19266 19360
19253 19371
19232 19376
19222 19396
19215 19415
19175 19452
19166 19459
19142 19488
19131 19491
19116 19514
19039 19569
19023 19587
18988 19599
18963 19629
18957 19643
18933 19659
18921 19660
18900 19671
18895 19675
18886 19683
18883 19685
18859 19690
18825 19713
18789 19726
18759 19770
18716 19781
18698 19804
18656 19819
18610 19853
18598 19874
18549 19894
18545 19915
18462 19923
18454 19938
18441 19947
18420 19962
18350 20020
18324 20035
18273 20059
18241 20065
18235 20072
18124 20107
18093 20126
18076 20141
18039 20166
17960 20205
17934 20221
17805 20245
17711 20268
17670 20274
17546 20331
17530 20341
17431 20372
17409 20377
17300 20385
17207 20409
17173 20442
16927 20468
16857 20516
16751 20517
16642 20524
16591 20565
16444 20569
16394 20578
16272 20594
16260 20601
16203 20603
16153 20627
16150 20629
16050 20638
